treatment	variety	year	bloc	volume	concentration	plant	leaf	absorbance	dilution
T1	Mercia	2011	1	40	240	1	F1	0,844	2
T1	Mercia	2011	1	40	240	1	F2	0,522	2
T1	Mercia	2011	1	40	240	1	F3	0,536	2
T1	Mercia	2011	1	40	240	1	F4	0,521	1
T1	Mercia	2011	1	40	240	2	F1	0,526	1
T1	Mercia	2011	1	40	240	2	F2	0,503	1
T1	Mercia	2011	1	40	240	2	F3	0,183	1
T1	Mercia	2011	1	40	240	2	F4	0,107	1
T1	Mercia	2011	1	40	240	3	F1	0,517	1
T1	Mercia	2011	1	40	240	3	F2	0,551	1
T1	Mercia	2011	1	40	240	3	F3	0,575	1
T1	Mercia	2011	1	40	240	3	F4	0,693	1
T1	Mercia	2011	1	40	240	4	F1	0,523	1
T1	Mercia	2011	1	40	240	4	F2	0,421	1
T1	Mercia	2011	1	40	240	4	F3	0,609	1
T1	Mercia	2011	1	40	240	4	F4	0,209	1
T1	Mercia	2011	1	40	240	5	F1	0,666	1
T1	Mercia	2011	1	40	240	5	F2	0,528	1
T1	Mercia	2011	1	40	240	5	F3	0,766	1
T1	Mercia	2011	1	40	240	5	F4	0,462	1
T1	Mercia	2011	1	40	240	6	F1	0,433	1
T1	Mercia	2011	1	40	240	6	F2	0,412	1
T1	Mercia	2011	1	40	240	6	F3	0,276	1
T1	Mercia	2011	1	40	240	7	F1	0,292	1
T1	Mercia	2011	1	40	240	7	F2	0,39	1
T1	Mercia	2011	1	40	240	7	F3	0,555	1
T1	Mercia	2011	1	40	240	7	F4	0,371	1
T1	Mercia	2011	1	40	240	8	F1	0,142	1
T1	Mercia	2011	1	40	240	8	F2	0,279	1
T1	Mercia	2011	1	40	240	8	F3	0,222	1
T1	Mercia	2011	1	40	240	8	F4	0,198	1
T1	Mercia	2011	1	40	240	9	F1	0,514	1
T1	Mercia	2011	1	40	240	9	F2	0,565	1
T1	Mercia	2011	1	40	240	9	F3	0,553	1
T1	Mercia	2011	1	40	240	10	F1	0,554	1
T1	Mercia	2011	1	40	240	10	F2	0,768	1
T1	Mercia	2011	1	40	240	10	F3	0,47	1
T1	Mercia	2011	1	40	240	10	F4	0,553	1
T1	Mercia	2011	1	40	240	11	F1	0,337	1
T1	Mercia	2011	1	40	240	11	F2	0,58	1
T1	Mercia	2011	1	40	240	11	F3	0,456	1
T1	Mercia	2011	1	40	240	12	F1	0,5	1
T1	Mercia	2011	1	40	240	12	F2	0,678	1
T1	Mercia	2011	1	40	240	12	F3	0,276	1
T1	Mercia	2011	1	40	240	12	F4	0,24	1
T1	Mercia	2011	1	40	240	13	F1	0,293	1
T1	Mercia	2011	1	40	240	13	F2	0,478	1
T1	Mercia	2011	1	40	240	13	F3	0,737	1
T1	Mercia	2011	1	40	240	13	F4	0,231	1
T1	Mercia	2011	1	40	240	14	F1	0,319	1
T1	Mercia	2011	1	40	240	14	F2	0,393	1
T1	Mercia	2011	1	40	240	14	F3	0,187	1
T1	Mercia	2011	1	40	240	15	F1	0,491	1
T1	Mercia	2011	1	40	240	15	F2	0,542	1
T1	Mercia	2011	1	40	240	15	F3	0,477	1
T1	Mercia	2011	1	40	240	15	F4	0,654	1
T1	Mercia	2011	1	40	240	16	F1	0,833	1
T1	Mercia	2011	1	40	240	16	F2	0,711	1
T1	Mercia	2011	1	40	240	16	F3	0,314	1
T1	Mercia	2011	1	40	240	17	F1	0,788	2
T1	Mercia	2011	1	40	240	17	F2	0,741	1
T1	Mercia	2011	1	40	240	17	F3	0,681	2
T1	Mercia	2011	1	40	240	18	F1	0,449	1
T1	Mercia	2011	1	40	240	18	F2	0,583	1
T1	Mercia	2011	1	40	240	18	F3	0,778	1
T1	Mercia	2011	1	40	240	18	F4	0,663	1
T1	Mercia	2011	1	40	240	19	F1	0,379	1
T1	Mercia	2011	1	40	240	19	F2	0,674	1
T1	Mercia	2011	1	40	240	19	F3	0,767	1
T1	Mercia	2011	1	40	240	19	F4	0,561	1
T1	Mercia	2011	1	40	240	20	F1	0,225	10
T1	Mercia	2011	1	40	240	20	F2	0,601	1
T1	Mercia	2011	1	40	240	20	F3	0,961	1
T1	Mercia	2011	1	80	240	1	F1	0,615	1
T1	Mercia	2011	1	80	240	1	F2	0,299	4
T1	Mercia	2011	1	80	240	1	F3	0,326	2
T1	Mercia	2011	1	80	240	1	F4	0,175	1
T1	Mercia	2011	1	80	240	2	F1	0,209	4
T1	Mercia	2011	1	80	240	2	F2	0,351	2
T1	Mercia	2011	1	80	240	2	F3	0,217	2
T1	Mercia	2011	1	80	240	3	F1	0,65	4
T1	Mercia	2011	1	80	240	3	F2	0,562	4
T1	Mercia	2011	1	80	240	3	F3	0,281	4
T1	Mercia	2011	1	80	240	4	F1	0,504	2
T1	Mercia	2011	1	80	240	4	F2	0,4959	2
T1	Mercia	2011	1	80	240	4	F3	0,489	2
T1	Mercia	2011	1	80	240	5	F1	0,575	4
T1	Mercia	2011	1	80	240	5	F2	0,311	2
T1	Mercia	2011	1	80	240	5	F3	0,202	2
T1	Mercia	2011	1	80	240	5	F4	0,111	4
T1	Mercia	2011	1	80	240	6	F1	0,603	2
T1	Mercia	2011	1	80	240	6	F2	0,55	2
T1	Mercia	2011	1	80	240	6	F3	0,385	2
T1	Mercia	2011	1	80	240	6	F4	0,55	1
T1	Mercia	2011	1	80	240	7	F1	0,494	2
T1	Mercia	2011	1	80	240	7	F2	0,602	4
T1	Mercia	2011	1	80	240	7	F3	0,557	2
T1	Mercia	2011	1	80	240	7	F4	0,207	2
T1	Mercia	2011	1	80	240	8	F1	0,34	4
T1	Mercia	2011	1	80	240	8	F2	0,335	4
T1	Mercia	2011	1	80	240	8	F3	0,373	4
T1	Mercia	2011	1	80	240	8	F4	0,63	1
T1	Mercia	2011	1	80	240	9	F1	0,468	2
T1	Mercia	2011	1	80	240	9	F2	0,378	2
T1	Mercia	2011	1	80	240	9	F3	0,821	1
T1	Mercia	2011	1	80	240	9	F4	0,452	1
T1	Mercia	2011	1	80	240	10	F1	0,385	4
T1	Mercia	2011	1	80	240	10	F2	0,362	4
T1	Mercia	2011	1	80	240	10	F3	0,468	1
T1	Mercia	2011	1	80	240	11	F1	0,45	4
T1	Mercia	2011	1	80	240	11	F2	0,592	2
T1	Mercia	2011	1	80	240	11	F3	0,392	1
T1	Mercia	2011	1	80	240	12	F1	0,889	1
T1	Mercia	2011	1	80	240	12	F2	0,526	2
T1	Mercia	2011	1	80	240	12	F3	0,363	1
T1	Mercia	2011	1	80	240	12	F4	0,383	1
T1	Mercia	2011	1	80	240	13	F1	0,509	1
T1	Mercia	2011	1	80	240	13	F2	0,709	1
T1	Mercia	2011	1	80	240	13	F3	0,413	1
T1	Mercia	2011	1	80	240	13	F4	0,318	1
T1	Mercia	2011	1	80	240	14	F1	0,437	2
T1	Mercia	2011	1	80	240	14	F2	0,862	2
T1	Mercia	2011	1	80	240	14	F3	0,619	1
T1	Mercia	2011	1	80	240	14	F4	0,383	1
T1	Mercia	2011	1	80	240	15	F1	0,846	1
T1	Mercia	2011	1	80	240	15	F2	0,678	1
T1	Mercia	2011	1	80	240	15	F3	0,566	1
T1	Mercia	2011	1	80	240	16	F1	0,566	2
T1	Mercia	2011	1	80	240	16	F2	0,278	2
T1	Mercia	2011	1	80	240	16	F3	0,266	1
T1	Mercia	2011	1	80	240	16	F4	0,453	1
T1	Mercia	2011	1	80	240	17	F1	0,368	2
T1	Mercia	2011	1	80	240	17	F2	0,34	2
T1	Mercia	2011	1	80	240	17	F3	0,277	1
T1	Mercia	2011	1	80	240	17	F4	0,269	1
T1	Mercia	2011	1	80	240	18	F1	0,259	4
T1	Mercia	2011	1	80	240	18	F2	0,45	4
T1	Mercia	2011	1	80	240	18	F3	0,349	4
T1	Mercia	2011	1	80	240	18	F4	0,252	1
T1	Mercia	2011	1	80	240	19	F1	0,525	2
T1	Mercia	2011	1	80	240	19	F2	0,564	2
T1	Mercia	2011	1	80	240	19	F3	0,373	2
T1	Mercia	2011	1	80	240	20	F1	0,269	4
T1	Mercia	2011	1	80	240	20	F2	0,406	2
T1	Mercia	2011	1	80	240	20	F3	0,46	2
T1	Mercia	2011	1	150	240	1	F1	0,497	2
T1	Mercia	2011	1	150	240	1	F2	0,584	2
T1	Mercia	2011	1	150	240	1	F3	0,712	2
T1	Mercia	2011	1	150	240	1	F4	0,234	2
T1	Mercia	2011	1	150	240	2	F1	0,743	2
T1	Mercia	2011	1	150	240	2	F2	0,594	4
T1	Mercia	2011	1	150	240	2	F3	0,552	2
T1	Mercia	2011	1	150	240	3	F1	0,542	2
T1	Mercia	2011	1	150	240	3	F2	0,356	2
T1	Mercia	2011	1	150	240	3	F3	0,711	2
T1	Mercia	2011	1	150	240	4	F1	0,587	4
T1	Mercia	2011	1	150	240	4	F2	0,681	2
T1	Mercia	2011	1	150	240	4	F3	0,964	2
T1	Mercia	2011	1	150	240	5	F1	0,606	8
T1	Mercia	2011	1	150	240	5	F2	0,916	2
T1	Mercia	2011	1	150	240	5	F3	0,265	2
T1	Mercia	2011	1	150	240	6	F1	0,613	4
T1	Mercia	2011	1	150	240	6	F2	0,864	4
T1	Mercia	2011	1	150	240	6	F3	0,698	2
T1	Mercia	2011	1	150	240	7	F1	0,841	4
T1	Mercia	2011	1	150	240	7	F2	0,429	4
T1	Mercia	2011	1	150	240	7	F3	0,915	2
T1	Mercia	2011	1	150	240	7	F4	0,46	2
T1	Mercia	2011	1	150	240	8	F1	0,377	4
T1	Mercia	2011	1	150	240	8	F2	0,561	4
T1	Mercia	2011	1	150	240	8	F3	0,51	2
T1	Mercia	2011	1	150	240	9	F1	0,394	4
T1	Mercia	2011	1	150	240	9	F2	0,383	4
T1	Mercia	2011	1	150	240	9	F3	0,54	2
T1	Mercia	2011	1	150	240	9	F4	0,596	2
T1	Mercia	2011	1	150	240	10	F1	0,709	4
T1	Mercia	2011	1	150	240	10	F2	0,857	2
T1	Mercia	2011	1	150	240	10	F3	0,524	2
T1	Mercia	2011	1	150	240	11	F1	0,888	2
T1	Mercia	2011	1	150	240	11	F2	0,351	2
T1	Mercia	2011	1	150	240	11	F3	0,343	2
T1	Mercia	2011	1	150	240	12	F1	0,557	2
T1	Mercia	2011	1	150	240	12	F2	0,355	2
T1	Mercia	2011	1	150	240	12	F3	0,354	2
T1	Mercia	2011	1	150	240	13	F1	0,518	4
T1	Mercia	2011	1	150	240	13	F2	0,694	4
T1	Mercia	2011	1	150	240	13	F3	0,686	2
T1	Mercia	2011	1	150	240	14	F1	0,426	2
T1	Mercia	2011	1	150	240	14	F2	0,393	4
T1	Mercia	2011	1	150	240	14	F3	0,616	2
T1	Mercia	2011	1	150	240	14	F4	0,328	2
T1	Mercia	2011	1	150	240	15	F1	0,656	8
T1	Mercia	2011	1	150	240	15	F2	0,385	8
T1	Mercia	2011	1	150	240	15	F3	0,528	2
T1	Mercia	2011	1	150	240	16	F1	0,853	4
T1	Mercia	2011	1	150	240	16	F2	0,78	2
T1	Mercia	2011	1	150	240	16	F3	0,496	2
T1	Mercia	2011	1	150	240	16	F4	0,305	2
T1	Mercia	2011	1	150	240	17	F1	0,529	4
T1	Mercia	2011	1	150	240	17	F2	0,657	8
T1	Mercia	2011	1	150	240	17	F3	0,365	2
T1	Mercia	2011	1	150	240	17	F4	0,213	2
T1	Mercia	2011	1	150	240	18	F1	0,41	2
T1	Mercia	2011	1	150	240	18	F2	0,719	4
T1	Mercia	2011	1	150	240	18	F3	0,567	2
T1	Mercia	2011	1	150	240	18	F4	0,537	2
T1	Mercia	2011	1	150	240	19	F1	0,581	4
T1	Mercia	2011	1	150	240	19	F2	0,799	4
T1	Mercia	2011	1	150	240	19	F3	0,648	4
T1	Mercia	2011	1	150	240	19	F4	0,521	2
T1	Mercia	2011	1	150	240	20	F1	0,798	8
T1	Mercia	2011	1	150	240	20	F2	0,727	2
T1	Mercia	2011	1	150	240	20	F3	0,781	2
T1	Mercia	2011	1	150	240	20	F4	0,52	2
T1	Mercia	2011	1	200	240	1	F1	0,756	2
T1	Mercia	2011	1	200	240	1	F2	0,536	8
T1	Mercia	2011	1	200	240	1	F3	0,577	2
T1	Mercia	2011	1	200	240	1	F4	0,533	4
T1	Mercia	2011	1	200	240	2	F1	0,691	2
T1	Mercia	2011	1	200	240	2	F2	0,809	4
T1	Mercia	2011	1	200	240	2	F3	0,699	4
T1	Mercia	2011	1	200	240	2	F4	0,419	2
T1	Mercia	2011	1	200	240	3	F1	0,593	2
T1	Mercia	2011	1	200	240	3	F2	0,751	4
T1	Mercia	2011	1	200	240	3	F3	0,734	2
T1	Mercia	2011	1	200	240	4	F1	0,666	2
T1	Mercia	2011	1	200	240	4	F2	0,92	2
T1	Mercia	2011	1	200	240	4	F3	0,577	2
T1	Mercia	2011	1	200	240	4	F4	0,717	4
T1	Mercia	2011	1	200	240	5	F1	0,354	4
T1	Mercia	2011	1	200	240	5	F2	0,835	2
T1	Mercia	2011	1	200	240	5	F3	0,583	4
T1	Mercia	2011	1	200	240	6	F1	0,671	4
T1	Mercia	2011	1	200	240	6	F2	0,601	4
T1	Mercia	2011	1	200	240	6	F3	0,66	2
T1	Mercia	2011	1	200	240	7	F1	0,57	4
T1	Mercia	2011	1	200	240	7	F2	0,441	4
T1	Mercia	2011	1	200	240	7	F3	0,744	2
T1	Mercia	2011	1	200	240	8	F1	0,743	4
T1	Mercia	2011	1	200	240	8	F2	0,576	4
T1	Mercia	2011	1	200	240	8	F3	0,785	2
T1	Mercia	2011	1	200	240	9	F1	0,434	2
T1	Mercia	2011	1	200	240	9	F2	0,896	4
T1	Mercia	2011	1	200	240	9	F3	0,851	4
T1	Mercia	2011	1	200	240	9	F4	0,616	2
T1	Mercia	2011	1	200	240	10	F1	0,684	2
T1	Mercia	2011	1	200	240	10	F2	0,78	2
T1	Mercia	2011	1	200	240	10	F3	0,635	2
T1	Mercia	2011	1	200	240	11	F1	0,493	4
T1	Mercia	2011	1	200	240	11	F2	0,483	4
T1	Mercia	2011	1	200	240	11	F3	0,538	2
T1	Mercia	2011	1	200	240	12	F1	0,618	2
T1	Mercia	2011	1	200	240	12	F2	0,644	2
T1	Mercia	2011	1	200	240	12	F3	0,551	4
T1	Mercia	2011	1	200	240	12	F4	0,367	2
T1	Mercia	2011	1	200	240	13	F1	0,806	2
T1	Mercia	2011	1	200	240	13	F2	0,672	2
T1	Mercia	2011	1	200	240	13	F3	0,523	4
T1	Mercia	2011	1	200	240	14	F1	0,698	4
T1	Mercia	2011	1	200	240	14	F2	0,78	2
T1	Mercia	2011	1	200	240	14	F3	0,428	2
T1	Mercia	2011	1	200	240	15	F1	0,46	4
T1	Mercia	2011	1	200	240	15	F2	0,722	4
T1	Mercia	2011	1	200	240	15	F3	0,416	2
T1	Mercia	2011	1	200	240	16	F1	0,902	4
T1	Mercia	2011	1	200	240	16	F2	0,824	8
T1	Mercia	2011	1	200	240	16	F3	0,723	8
T1	Mercia	2011	1	200	240	17	F1	0,551	4
T1	Mercia	2011	1	200	240	17	F2	0,471	4
T1	Mercia	2011	1	200	240	17	F3	0,81	2
T1	Mercia	2011	1	200	240	18	F1	0,878	4
T1	Mercia	2011	1	200	240	18	F2	0,728	4
T1	Mercia	2011	1	200	240	18	F3	0,715	2
T1	Mercia	2011	1	200	240	18	F4	0,682	2
T1	Mercia	2011	1	200	240	19	F1	0,553	4
T1	Mercia	2011	1	200	240	19	F2	0,448	8
T1	Mercia	2011	1	200	240	19	F3	0,665	2
T1	Mercia	2011	1	200	240	20	F1	0,664	4
T1	Mercia	2011	1	200	240	20	F2	0,569	4
T1	Mercia	2011	1	200	240	20	F3	0,828	2
T1	Rht3	2011	1	40	240	1	F1	0,776	2
T1	Rht3	2011	1	40	240	1	F2	0,381	2
T1	Rht3	2011	1	40	240	1	F3	0,425	2
T1	Rht3	2011	1	40	240	2	F1	0,422	2
T1	Rht3	2011	1	40	240	2	F2	0,601	2
T1	Rht3	2011	1	40	240	2	F3	0,412	2
T1	Rht3	2011	1	40	240	3	F1	0,165	2
T1	Rht3	2011	1	40	240	3	F2	0,183	2
T1	Rht3	2011	1	40	240	3	F3	0,12	2
T1	Rht3	2011	1	40	240	4	F1	0,35	2
T1	Rht3	2011	1	40	240	4	F2	0,562	2
T1	Rht3	2011	1	40	240	4	F3	0,537	2
T1	Rht3	2011	1	40	240	5	F1	0,442	2
T1	Rht3	2011	1	40	240	5	F2	0,556	2
T1	Rht3	2011	1	40	240	5	F3	0,328	2
T1	Rht3	2011	1	40	240	6	F1	0,291	2
T1	Rht3	2011	1	40	240	6	F2	0,323	2
T1	Rht3	2011	1	40	240	6	F3	0,446	2
T1	Rht3	2011	1	40	240	7	F1	0,409	2
T1	Rht3	2011	1	40	240	7	F2	0,615	2
T1	Rht3	2011	1	40	240	7	F3	0,233	2
T1	Rht3	2011	1	40	240	8	F1	0,436	2
T1	Rht3	2011	1	40	240	8	F2	0,343	2
T1	Rht3	2011	1	40	240	8	F3	0,503	2
T1	Rht3	2011	1	40	240	9	F1	0,723	2
T1	Rht3	2011	1	40	240	9	F2	0,365	2
T1	Rht3	2011	1	40	240	9	F3	0,377	2
T1	Rht3	2011	1	40	240	10	F1	0,973	2
T1	Rht3	2011	1	40	240	10	F2	0,653	4
T1	Rht3	2011	1	40	240	10	F3	0,644	2
T1	Rht3	2011	1	40	240	11	F1	0,269	2
T1	Rht3	2011	1	40	240	11	F2	0,278	2
T1	Rht3	2011	1	40	240	11	F3	0,218	2
T1	Rht3	2011	1	40	240	11	F4	0,111	2
T1	Rht3	2011	1	40	240	12	F1	0,754	2
T1	Rht3	2011	1	40	240	12	F2	0,533	2
T1	Rht3	2011	1	40	240	12	F3	0,409	2
T1	Rht3	2011	1	40	240	13	F1	0,438	2
T1	Rht3	2011	1	40	240	13	F2	0,238	2
T1	Rht3	2011	1	40	240	13	F3	0,202	2
T1	Rht3	2011	1	40	240	14	F1	0,783	2
T1	Rht3	2011	1	40	240	14	F2	0,678	2
T1	Rht3	2011	1	40	240	14	F3	0,548	2
T1	Rht3	2011	1	40	240	14	F4	0,335	2
T1	Rht3	2011	1	40	240	15	F1	0,294	2
T1	Rht3	2011	1	40	240	15	F2	0,528	2
T1	Rht3	2011	1	40	240	15	F3	0,323	2
T1	Rht3	2011	1	40	240	15	F4	0,143	2
T1	Rht3	2011	1	40	240	16	F1	0,715	2
T1	Rht3	2011	1	40	240	16	F2	0,762	2
T1	Rht3	2011	1	40	240	16	F3	0,965	2
T1	Rht3	2011	1	40	240	17	F1	0,582	2
T1	Rht3	2011	1	40	240	17	F2	0,696	2
T1	Rht3	2011	1	40	240	17	F3	0,508	2
T1	Rht3	2011	1	40	240	18	F1	0,488	2
T1	Rht3	2011	1	40	240	18	F2	0,402	2
T1	Rht3	2011	1	40	240	18	F3	0,324	2
T1	Rht3	2011	1	40	240	19	F1	0,46	2
T1	Rht3	2011	1	40	240	19	F2	0,387	2
T1	Rht3	2011	1	40	240	19	F3	0,341	2
T1	Rht3	2011	1	40	240	20	F1	0,494	2
T1	Rht3	2011	1	40	240	20	F2	0,659	2
T1	Rht3	2011	1	40	240	20	F3	0,374	2
T1	Rht3	2011	1	80	240	1	F1	0,755	2
T1	Rht3	2011	1	80	240	1	F2	0,571	2
T1	Rht3	2011	1	80	240	1	F3	0,423	2
T1	Rht3	2011	1	80	240	2	F1	0,49	2
T1	Rht3	2011	1	80	240	2	F2	0,809	2
T1	Rht3	2011	1	80	240	2	F3	0,326	2
T1	Rht3	2011	1	80	240	3	F1	0,997	2
T1	Rht3	2011	1	80	240	3	F2	0,978	4
T1	Rht3	2011	1	80	240	3	F3	0,646	2
T1	Rht3	2011	1	80	240	4	F1	0,43	2
T1	Rht3	2011	1	80	240	4	F2	0,82	2
T1	Rht3	2011	1	80	240	4	F3	0,883	2
T1	Rht3	2011	1	80	240	5	F1	0,797	2
T1	Rht3	2011	1	80	240	5	F2	0,638	4
T1	Rht3	2011	1	80	240	5	F3	0,428	2
T1	Rht3	2011	1	80	240	6	F1	0,497	2
T1	Rht3	2011	1	80	240	6	F2	0,889	2
T1	Rht3	2011	1	80	240	6	F3	0,441	2
T1	Rht3	2011	1	80	240	7	F1	0,895	2
T1	Rht3	2011	1	80	240	7	F2	0,394	2
T1	Rht3	2011	1	80	240	7	F3	0,888	2
T1	Rht3	2011	1	80	240	7	F4	0,379	2
T1	Rht3	2011	1	80	240	8	F1	0,296	2
T1	Rht3	2011	1	80	240	8	F2	0,634	2
T1	Rht3	2011	1	80	240	8	F3	0,665	2
T1	Rht3	2011	1	80	240	9	F1	0,376	2
T1	Rht3	2011	1	80	240	9	F2	0,436	8
T1	Rht3	2011	1	80	240	9	F3	0,733	2
T1	Rht3	2011	1	80	240	10	F1	0,77	8
T1	Rht3	2011	1	80	240	10	F2	0,421	8
T1	Rht3	2011	1	80	240	10	F3	0,529	4
T1	Rht3	2011	1	80	240	10	F4	0,724	2
T1	Rht3	2011	1	80	240	11	F1	0,747	2
T1	Rht3	2011	1	80	240	11	F2	0,524	4
T1	Rht3	2011	1	80	240	11	F3	0,589	2
T1	Rht3	2011	1	80	240	12	F1	0,588	2
T1	Rht3	2011	1	80	240	12	F2	0,694	2
T1	Rht3	2011	1	80	240	12	F3	0,816	2
T1	Rht3	2011	1	80	240	13	F1	0,434	8
T1	Rht3	2011	1	80	240	13	F2	0,524	4
T1	Rht3	2011	1	80	240	13	F3	0,705	2
T1	Rht3	2011	1	80	240	14	F1	0,93	2
T1	Rht3	2011	1	80	240	14	F2	0,484	8
T1	Rht3	2011	1	80	240	14	F3	0,57	2
T1	Rht3	2011	1	80	240	15	F1	0,463	2
T1	Rht3	2011	1	80	240	15	F2	0,74	2
T1	Rht3	2011	1	80	240	15	F3	0,596	2
T1	Rht3	2011	1	80	240	16	F1	0,441	4
T1	Rht3	2011	1	80	240	16	F2	0,58	4
T1	Rht3	2011	1	80	240	16	F3	0,391	2
T1	Rht3	2011	1	80	240	17	F1	0,634	2
T1	Rht3	2011	1	80	240	17	F2	0,928	2
T1	Rht3	2011	1	80	240	17	F3	0,64	2
T1	Rht3	2011	1	80	240	18	F1	0,57	2
T1	Rht3	2011	1	80	240	18	F2	0,566	4
T1	Rht3	2011	1	80	240	18	F3	0,6	2
T1	Rht3	2011	1	80	240	19	F1	0,501	2
T1	Rht3	2011	1	80	240	19	F2	0,542	4
T1	Rht3	2011	1	80	240	19	F3	0,823	2
T1	Rht3	2011	1	80	240	20	F1	0,582	2
T1	Rht3	2011	1	80	240	20	F2	0,681	2
T1	Rht3	2011	1	80	240	20	F3	0,782	2
T1	Rht3	2011	1	150	240	1	F1	0,635	4
T1	Rht3	2011	1	150	240	1	F2	0,542	2
T1	Rht3	2011	1	150	240	1	F3	0,703	4
T1	Rht3	2011	1	150	240	1	F4	0,324	2
T1	Rht3	2011	1	150	240	2	F1	0,991	4
T1	Rht3	2011	1	150	240	2	F2	0,891	8
T1	Rht3	2011	1	150	240	2	F3	0,464	8
T1	Rht3	2011	1	150	240	3	F1	0,589	20
T1	Rht3	2011	1	150	240	3	F2	0,585	20
T1	Rht3	2011	1	150	240	3	F3	0,599	8
T1	Rht3	2011	1	150	240	4	F1	0,686	8
T1	Rht3	2011	1	150	240	4	F2	0,919	8
T1	Rht3	2011	1	150	240	4	F3	0,366	8
T1	Rht3	2011	1	150	240	5	F1	0,837	2
T1	Rht3	2011	1	150	240	5	F2	0,597	8
T1	Rht3	2011	1	150	240	5	F3	0,612	2
T1	Rht3	2011	1	150	240	6	F1	0,334	8
T1	Rht3	2011	1	150	240	6	F2	0,548	8
T1	Rht3	2011	1	150	240	6	F3	0,474	8
T1	Rht3	2011	1	150	240	7	F1	0,716	8
T1	Rht3	2011	1	150	240	7	F2	0,635	16
T1	Rht3	2011	1	150	240	7	F3	0,751	2
T1	Rht3	2011	1	150	240	8	F1	0,528	8
T1	Rht3	2011	1	150	240	8	F2	0,294	8
T1	Rht3	2011	1	150	240	8	F3	0,817	2
T1	Rht3	2011	1	150	240	9	F1	0,498	2
T1	Rht3	2011	1	150	240	9	F2	0,768	4
T1	Rht3	2011	1	150	240	9	F3	0,688	8
T1	Rht3	2011	1	150	240	9	F4	0,551	2
T1	Rht3	2011	1	150	240	10	F1	0,412	2
T1	Rht3	2011	1	150	240	10	F2	0,487	2
T1	Rht3	2011	1	150	240	10	F3	0,826	2
T1	Rht3	2011	1	150	240	10	F4	0,937	2
T1	Rht3	2011	1	150	240	11	F1	0,753	2
T1	Rht3	2011	1	150	240	11	F2	0,844	16
T1	Rht3	2011	1	150	240	11	F3	0,508	20
T1	Rht3	2011	1	150	240	12	F1	0,562	16
T1	Rht3	2011	1	150	240	12	F2	0,425	20
T1	Rht3	2011	1	150	240	12	F3	0,33	8
T1	Rht3	2011	1	150	240	13	F1	0,461	4
T1	Rht3	2011	1	150	240	13	F2	0,668	8
T1	Rht3	2011	1	150	240	13	F3	0,549	4
T1	Rht3	2011	1	150	240	13	F4	0,661	4
T1	Rht3	2011	1	150	240	14	F1	0,528	4
T1	Rht3	2011	1	150	240	14	F2	0,649	8
T1	Rht3	2011	1	150	240	14	F3	0,484	4
T1	Rht3	2011	1	150	240	15	F1	0,571	8
T1	Rht3	2011	1	150	240	15	F2	0,811	8
T1	Rht3	2011	1	150	240	15	F3	0,576	8
T1	Rht3	2011	1	150	240	16	F1	0,586	4
T1	Rht3	2011	1	150	240	16	F2	0,61	4
T1	Rht3	2011	1	150	240	16	F3	0,435	4
T1	Rht3	2011	1	150	240	17	F1	0,695	2
T1	Rht3	2011	1	150	240	17	F2	0,541	8
T1	Rht3	2011	1	150	240	17	F3	0,46	4
T1	Rht3	2011	1	150	240	18	F1	0,523	8
T1	Rht3	2011	1	150	240	18	F2	0,532	8
T1	Rht3	2011	1	150	240	18	F3	0,552	8
T1	Rht3	2011	1	150	240	18	F4	0,872	2
T1	Rht3	2011	1	150	240	19	F1	0,681	2
T1	Rht3	2011	1	150	240	19	F2	0,451	8
T1	Rht3	2011	1	150	240	19	F3	0,408	8
T1	Rht3	2011	1	150	240	20	F1	0,314	8
T1	Rht3	2011	1	150	240	20	F2	0,297	8
T1	Rht3	2011	1	150	240	20	F3	0,427	8
T1	Rht3	2011	1	200	240	1	F1	0,603	8
T1	Rht3	2011	1	200	240	1	F2	0,607	8
T1	Rht3	2011	1	200	240	1	F3	0,298	8
T1	Rht3	2011	1	200	240	1	F4	0,513	2
T1	Rht3	2011	1	200	240	2	F1	0,369	2
T1	Rht3	2011	1	200	240	2	F2	0,318	8
T1	Rht3	2011	1	200	240	2	F3	0,934	8
T1	Rht3	2011	1	200	240	2	F4	0,584	4
T1	Rht3	2011	1	200	240	3	F1	0,376	8
T1	Rht3	2011	1	200	240	3	F2	0,666	8
T1	Rht3	2011	1	200	240	3	F3	0,481	4
T1	Rht3	2011	1	200	240	4	F1	0,453	8
T1	Rht3	2011	1	200	240	4	F2	0,596	16
T1	Rht3	2011	1	200	240	4	F3	0,464	8
T1	Rht3	2011	1	200	240	5	F1	0,645	16
T1	Rht3	2011	1	200	240	5	F2	0,591	32
T1	Rht3	2011	1	200	240	5	F3	0,5	20
T1	Rht3	2011	1	200	240	6	F1	0,341	8
T1	Rht3	2011	1	200	240	6	F2	0,544	8
T1	Rht3	2011	1	200	240	6	F3	0,667	8
T1	Rht3	2011	1	200	240	7	F1	0,621	8
T1	Rht3	2011	1	200	240	7	F2	0,903	8
T1	Rht3	2011	1	200	240	7	F3	0,561	8
T1	Rht3	2011	1	200	240	8	F1	0,312	8
T1	Rht3	2011	1	200	240	8	F2	0,261	8
T1	Rht3	2011	1	200	240	8	F3	0,857	4
T1	Rht3	2011	1	200	240	8	F4	0,906	2
T1	Rht3	2011	1	200	240	9	F1	0,288	8
T1	Rht3	2011	1	200	240	9	F2	0,643	8
T1	Rht3	2011	1	200	240	9	F3	0,645	8
T1	Rht3	2011	1	200	240	9	F4	0,634	4
T1	Rht3	2011	1	200	240	10	F1	0,641	8
T1	Rht3	2011	1	200	240	10	F2	0,876	8
T1	Rht3	2011	1	200	240	10	F3	0,646	8
T1	Rht3	2011	1	200	240	10	F4	0,44	4
T1	Rht3	2011	1	200	240	11	F1	0,348	8
T1	Rht3	2011	1	200	240	11	F2	0,612	8
T1	Rht3	2011	1	200	240	11	F3	0,713	4
T1	Rht3	2011	1	200	240	12	F1	0,943	8
T1	Rht3	2011	1	200	240	12	F2	0,363	20
T1	Rht3	2011	1	200	240	12	F3	0,31	8
T1	Rht3	2011	1	200	240	12	F4	0,637	2
T1	Rht3	2011	1	200	240	13	F1	0,275	8
T1	Rht3	2011	1	200	240	13	F2	0,688	16
T1	Rht3	2011	1	200	240	13	F3	0,437	16
T1	Rht3	2011	1	200	240	13	F4	0,646	8
T1	Rht3	2011	1	200	240	14	F1	0,634	8
T1	Rht3	2011	1	200	240	14	F2	0,455	8
T1	Rht3	2011	1	200	240	14	F3	0,676	8
T1	Rht3	2011	1	200	240	14	F4	0,285	8
T1	Rht3	2011	1	200	240	15	F1	0,285	8
T1	Rht3	2011	1	200	240	15	F2	0,536	16
T1	Rht3	2011	1	200	240	15	F3	0,36	8
T1	Rht3	2011	1	200	240	16	F1	0,429	16
T1	Rht3	2011	1	200	240	16	F2	0,572	20
T1	Rht3	2011	1	200	240	16	F3	0,229	8
T1	Rht3	2011	1	200	240	17	F1	0,353	20
T1	Rht3	2011	1	200	240	17	F2	0,518	8
T1	Rht3	2011	1	200	240	17	F3	0,415	2
T1	Rht3	2011	1	200	240	18	F1	0,859	8
T1	Rht3	2011	1	200	240	18	F2	0,539	16
T1	Rht3	2011	1	200	240	18	F3	0,313	8
T1	Rht3	2011	1	200	240	19	F1	0,542	16
T1	Rht3	2011	1	200	240	19	F2	0,391	20
T1	Rht3	2011	1	200	240	19	F3	0,422	8
T1	Rht3	2011	1	200	240	19	F4	0,803	2
T1	Rht3	2011	1	200	240	20	F1	0,829	8
T1	Rht3	2011	1	200	240	20	F2	0,378	8
T1	Rht3	2011	1	200	240	20	F3	0,582	4
T1	Rht3	2011	1	200	240	20	F4	0,478	4
T2	Mercia	2011	1	40	240	1	F1	0,18	2
T2	Mercia	2011	1	40	240	1	F2	0,301	2
T2	Mercia	2011	1	40	240	1	F3	0,193	2
T2	Mercia	2011	1	40	240	1	F4	0,227	2
T2	Mercia	2011	1	40	240	2	F1	0,078	2
T2	Mercia	2011	1	40	240	2	F2	0,184	2
T2	Mercia	2011	1	40	240	2	F3	0,202	2
T2	Mercia	2011	1	40	240	2	F4	0,192	2
T2	Mercia	2011	1	40	240	3	F1	0,29	2
T2	Mercia	2011	1	40	240	3	F2	0,231	2
T2	Mercia	2011	1	40	240	3	F3	0,169	2
T2	Mercia	2011	1	40	240	3	F4	0,234	2
T2	Mercia	2011	1	40	240	4	F1	0,107	2
T2	Mercia	2011	1	40	240	4	F2	0,14	2
T2	Mercia	2011	1	40	240	4	F3	0,1	2
T2	Mercia	2011	1	40	240	4	F4	0,222	2
T2	Mercia	2011	1	40	240	5	F1	0,042	2
T2	Mercia	2011	1	40	240	5	F2	0,137	2
T2	Mercia	2011	1	40	240	5	F3	0,093	2
T2	Mercia	2011	1	40	240	5	F4	0,227	2
T2	Mercia	2011	1	40	240	6	F1	0,079	2
T2	Mercia	2011	1	40	240	6	F2	0,163	2
T2	Mercia	2011	1	40	240	6	F3	0,138	2
T2	Mercia	2011	1	40	240	6	F4	0,252	2
T2	Mercia	2011	1	40	240	7	F1	0,108	2
T2	Mercia	2011	1	40	240	7	F2	0,15	2
T2	Mercia	2011	1	40	240	7	F3	0,119	2
T2	Mercia	2011	1	40	240	7	F4	0,079	2
T2	Mercia	2011	1	40	240	8	F1	0,086	2
T2	Mercia	2011	1	40	240	8	F2	0,137	2
T2	Mercia	2011	1	40	240	8	F3	0,181	2
T2	Mercia	2011	1	40	240	8	F4	0,262	2
T2	Mercia	2011	1	40	240	9	F1	0,093	2
T2	Mercia	2011	1	40	240	9	F2	0,219	2
T2	Mercia	2011	1	40	240	9	F3	0,291	2
T2	Mercia	2011	1	40	240	9	F4	0,301	2
T2	Mercia	2011	1	40	240	10	F1	0,054	2
T2	Mercia	2011	1	40	240	10	F2	0,079	2
T2	Mercia	2011	1	40	240	10	F3	0,093	2
T2	Mercia	2011	1	40	240	10	F4	0,3	2
T2	Mercia	2011	1	40	240	11	F1	0,107	2
T2	Mercia	2011	1	40	240	11	F2	0,29	2
T2	Mercia	2011	1	40	240	11	F3	0,311	2
T2	Mercia	2011	1	40	240	11	F4	0,368	2
T2	Mercia	2011	1	40	240	12	F1	0,333	2
T2	Mercia	2011	1	40	240	12	F2	0,384	2
T2	Mercia	2011	1	40	240	12	F3	0,262	2
T2	Mercia	2011	1	40	240	12	F4	0,304	2
T2	Mercia	2011	1	40	240	13	F1	0,149	2
T2	Mercia	2011	1	40	240	13	F2	0,186	2
T2	Mercia	2011	1	40	240	13	F3	0,127	2
T2	Mercia	2011	1	40	240	13	F4	0,186	2
T2	Mercia	2011	1	40	240	14	F1	0,147	2
T2	Mercia	2011	1	40	240	14	F2	0,143	2
T2	Mercia	2011	1	40	240	14	F3	0,154	2
T2	Mercia	2011	1	40	240	14	F4	0,102	2
T2	Mercia	2011	1	40	240	15	F1	0,057	2
T2	Mercia	2011	1	40	240	15	F2	0,223	2
T2	Mercia	2011	1	40	240	15	F3	0,066	2
T2	Mercia	2011	1	40	240	15	F4	0,223	2
T2	Mercia	2011	1	40	240	16	F1	0,127	2
T2	Mercia	2011	1	40	240	16	F2	0,112	2
T2	Mercia	2011	1	40	240	16	F3	0,098	2
T2	Mercia	2011	1	40	240	16	F4	0,295	2
T2	Mercia	2011	1	40	240	17	F1	0,281	2
T2	Mercia	2011	1	40	240	17	F2	0,401	2
T2	Mercia	2011	1	40	240	17	F3	0,171	2
T2	Mercia	2011	1	40	240	17	F4	0,316	2
T2	Mercia	2011	1	40	240	18	F1	0,118	2
T2	Mercia	2011	1	40	240	18	F2	0,211	2
T2	Mercia	2011	1	40	240	18	F3	0,194	2
T2	Mercia	2011	1	40	240	18	F4	0,234	2
T2	Mercia	2011	1	40	240	19	F1	0,112	2
T2	Mercia	2011	1	40	240	19	F2	0,209	2
T2	Mercia	2011	1	40	240	19	F3	0,121	2
T2	Mercia	2011	1	40	240	19	F4	0,309	2
T2	Mercia	2011	1	40	240	20	F1	0,085	2
T2	Mercia	2011	1	40	240	20	F2	0,274	2
T2	Mercia	2011	1	40	240	20	F3	0,16	2
T2	Mercia	2011	1	40	240	20	F4	0,402	2
T2	Mercia	2011	1	80	240	1	F1	0,321	2
T2	Mercia	2011	1	80	240	1	F2	0,717	2
T2	Mercia	2011	1	80	240	1	F3	0,305	2
T2	Mercia	2011	1	80	240	1	F4	0,267	2
T2	Mercia	2011	1	80	240	2	F1	0,467	2
T2	Mercia	2011	1	80	240	2	F2	0,634	2
T2	Mercia	2011	1	80	240	2	F3	0,232	2
T2	Mercia	2011	1	80	240	2	F4	0,223	2
T2	Mercia	2011	1	80	240	3	F1	0,273	2
T2	Mercia	2011	1	80	240	3	F2	0,435	2
T2	Mercia	2011	1	80	240	3	F3	0,216	2
T2	Mercia	2011	1	80	240	3	F4	0,313	2
T2	Mercia	2011	1	80	240	4	F1	0,188	2
T2	Mercia	2011	1	80	240	4	F2	0,528	2
T2	Mercia	2011	1	80	240	4	F3	0,271	2
T2	Mercia	2011	1	80	240	4	F4	0,547	2
T2	Mercia	2011	1	80	240	5	F1	0,413	2
T2	Mercia	2011	1	80	240	5	F2	0,218	2
T2	Mercia	2011	1	80	240	5	F3	0,393	2
T2	Mercia	2011	1	80	240	5	F4	0,283	2
T2	Mercia	2011	1	80	240	6	F1	0,789	2
T2	Mercia	2011	1	80	240	6	F2	0,665	4
T2	Mercia	2011	1	80	240	6	F3	0,4473	2
T2	Mercia	2011	1	80	240	6	F4	0,399	2
T2	Mercia	2011	1	80	240	7	F1	0,172	2
T2	Mercia	2011	1	80	240	7	F2	0,529	2
T2	Mercia	2011	1	80	240	7	F3	0,508	2
T2	Mercia	2011	1	80	240	7	F4	0,341	2
T2	Mercia	2011	1	80	240	8	F1	0,339	2
T2	Mercia	2011	1	80	240	8	F2	0,813	2
T2	Mercia	2011	1	80	240	8	F3	0,668	2
T2	Mercia	2011	1	80	240	8	F4	0,266	2
T2	Mercia	2011	1	80	240	9	F1	0,253	2
T2	Mercia	2011	1	80	240	9	F2	0,408	2
T2	Mercia	2011	1	80	240	9	F3	0,397	2
T2	Mercia	2011	1	80	240	9	F4	0,442	2
T2	Mercia	2011	1	80	240	10	F1	0,27	2
T2	Mercia	2011	1	80	240	10	F2	0,546	2
T2	Mercia	2011	1	80	240	10	F3	0,439	2
T2	Mercia	2011	1	80	240	10	F4	0,277	2
T2	Mercia	2011	1	80	240	11	F1	0,591	2
T2	Mercia	2011	1	80	240	11	F2	0,524	2
T2	Mercia	2011	1	80	240	11	F3	0,365	2
T2	Mercia	2011	1	80	240	11	F4	0,686	2
T2	Mercia	2011	1	80	240	12	F1	0,309	2
T2	Mercia	2011	1	80	240	12	F2	0,857	2
T2	Mercia	2011	1	80	240	12	F3	0,509	2
T2	Mercia	2011	1	80	240	12	F4	0,645	2
T2	Mercia	2011	1	80	240	13	F1	0,345	2
T2	Mercia	2011	1	80	240	13	F2	0,706	2
T2	Mercia	2011	1	80	240	13	F3	0,545	2
T2	Mercia	2011	1	80	240	13	F4	0,165	2
T2	Mercia	2011	1	80	240	14	F1	0,122	2
T2	Mercia	2011	1	80	240	14	F2	0,351	2
T2	Mercia	2011	1	80	240	14	F3	0,144	2
T2	Mercia	2011	1	80	240	14	F4	0,178	2
T2	Mercia	2011	1	80	240	15	F1	0,085	2
T2	Mercia	2011	1	80	240	15	F2	0,327	2
T2	Mercia	2011	1	80	240	15	F3	0,2341	2
T2	Mercia	2011	1	80	240	15	F4	0,341	2
T2	Mercia	2011	1	80	240	16	F1	0,39	2
T2	Mercia	2011	1	80	240	16	F2	0,307	2
T2	Mercia	2011	1	80	240	16	F3	0,186	2
T2	Mercia	2011	1	80	240	16	F4	0,195	2
T2	Mercia	2011	1	80	240	17	F1	0,353	2
T2	Mercia	2011	1	80	240	17	F2	0,338	2
T2	Mercia	2011	1	80	240	17	F3	0,207	2
T2	Mercia	2011	1	80	240	17	F4	0,277	2
T2	Mercia	2011	1	80	240	18	F1	0,344	2
T2	Mercia	2011	1	80	240	18	F2	0,538	2
T2	Mercia	2011	1	80	240	18	F3	0,443	2
T2	Mercia	2011	1	80	240	18	F4	0,428	2
T2	Mercia	2011	1	80	240	19	F1	0,419	2
T2	Mercia	2011	1	80	240	19	F2	0,297	2
T2	Mercia	2011	1	80	240	19	F3	0,282	2
T2	Mercia	2011	1	80	240	19	F4	0,473	2
T2	Mercia	2011	1	80	240	20	F1	0,35	2
T2	Mercia	2011	1	80	240	20	F2	0,455	2
T2	Mercia	2011	1	80	240	20	F3	0,255	2
T2	Mercia	2011	1	80	240	20	F4	0,303	2
T2	Mercia	2011	1	150	240	1	F1	0,415	2
T2	Mercia	2011	1	150	240	1	F2	0,627	8
T2	Mercia	2011	1	150	240	1	F3	0,425	2
T2	Mercia	2011	1	150	240	1	F4	0,385	2
T2	Mercia	2011	1	150	240	2	F1	0,642	2
T2	Mercia	2011	1	150	240	2	F2	0,317	8
T2	Mercia	2011	1	150	240	2	F3	0,412	8
T2	Mercia	2011	1	150	240	2	F4	0,598	2
T2	Mercia	2011	1	150	240	3	F1	0,137	2
T2	Mercia	2011	1	150	240	3	F2	0,431	2
T2	Mercia	2011	1	150	240	3	F3	0,454	2
T2	Mercia	2011	1	150	240	3	F4	0,351	2
T2	Mercia	2011	1	150	240	4	F1	0,22	2
T2	Mercia	2011	1	150	240	4	F2	0,544	4
T2	Mercia	2011	1	150	240	4	F3	0,493	4
T2	Mercia	2011	1	150	240	4	F4	0,354	2
T2	Mercia	2011	1	150	240	5	F1	0,528	2
T2	Mercia	2011	1	150	240	5	F2	0,483	2
T2	Mercia	2011	1	150	240	5	F3	0,631	2
T2	Mercia	2011	1	150	240	5	F4	0,393	2
T2	Mercia	2011	1	150	240	6	F1	0,458	2
T2	Mercia	2011	1	150	240	6	F2	0,622	8
T2	Mercia	2011	1	150	240	6	F3	0,336	4
T2	Mercia	2011	1	150	240	6	F4	0,348	2
T2	Mercia	2011	1	150	240	7	F1	0,71	4
T2	Mercia	2011	1	150	240	7	F2	0,338	8
T2	Mercia	2011	1	150	240	7	F3	0,367	2
T2	Mercia	2011	1	150	240	7	F4	0,394	2
T2	Mercia	2011	1	150	240	8	F1	0,716	2
T2	Mercia	2011	1	150	240	8	F2	0,441	4
T2	Mercia	2011	1	150	240	8	F3	0,661	2
T2	Mercia	2011	1	150	240	8	F4	0,575	2
T2	Mercia	2011	1	150	240	9	F1	0,748	2
T2	Mercia	2011	1	150	240	9	F2	0,485	4
T2	Mercia	2011	1	150	240	9	F3	0,845	2
T2	Mercia	2011	1	150	240	9	F4	0,369	2
T2	Mercia	2011	1	150	240	10	F1	0,451	2
T2	Mercia	2011	1	150	240	10	F2	0,578	4
T2	Mercia	2011	1	150	240	10	F3	0,575	4
T2	Mercia	2011	1	150	240	10	F4	0,604	4
T2	Mercia	2011	1	150	240	11	F1	0,693	2
T2	Mercia	2011	1	150	240	11	F2	0,481	4
T2	Mercia	2011	1	150	240	11	F3	0,606	2
T2	Mercia	2011	1	150	240	11	F4	0,668	2
T2	Mercia	2011	1	150	240	12	F1	0,782	2
T2	Mercia	2011	1	150	240	12	F2	0,693	4
T2	Mercia	2011	1	150	240	12	F3	0,74	2
T2	Mercia	2011	1	150	240	12	F4	0,92	2
T2	Mercia	2011	1	150	240	13	F1	0,369	2
T2	Mercia	2011	1	150	240	13	F2	0,349	4
T2	Mercia	2011	1	150	240	13	F3	0,764	2
T2	Mercia	2011	1	150	240	13	F4	0,317	2
T2	Mercia	2011	1	150	240	14	F1	0,694	4
T2	Mercia	2011	1	150	240	14	F2	0,447	8
T2	Mercia	2011	1	150	240	14	F3	0,439	4
T2	Mercia	2011	1	150	240	14	F4	0,387	2
T2	Mercia	2011	1	150	240	15	F1	0,185	2
T2	Mercia	2011	1	150	240	15	F2	0,448	2
T2	Mercia	2011	1	150	240	15	F3	0,427	2
T2	Mercia	2011	1	150	240	15	F4	0,22	2
T2	Mercia	2011	1	150	240	16	F1	0,3	2
T2	Mercia	2011	1	150	240	16	F2	0,614	2
T2	Mercia	2011	1	150	240	16	F3	0,358	2
T2	Mercia	2011	1	150	240	16	F4	0,491	2
T2	Mercia	2011	1	150	240	17	F1	0,799	2
T2	Mercia	2011	1	150	240	17	F2	0,709	2
T2	Mercia	2011	1	150	240	17	F3	0,524	4
T2	Mercia	2011	1	150	240	17	F4	0,674	2
T2	Mercia	2011	1	150	240	18	F1	0,591	2
T2	Mercia	2011	1	150	240	18	F2	1,001	2
T2	Mercia	2011	1	150	240	18	F3	0,626	2
T2	Mercia	2011	1	150	240	18	F4	0,487	2
T2	Mercia	2011	1	150	240	19	F1	0,393	2
T2	Mercia	2011	1	150	240	19	F2	0,367	2
T2	Mercia	2011	1	150	240	19	F3	0,417	2
T2	Mercia	2011	1	150	240	19	F4	0,359	2
T2	Mercia	2011	1	150	240	20	F1	0,552	2
T2	Mercia	2011	1	150	240	20	F2	0,581	2
T2	Mercia	2011	1	150	240	20	F3	0,71	4
T2	Mercia	2011	1	150	240	20	F4	0,555	2
T2	Mercia	2011	1	200	240	1	F1	0,575	2
T2	Mercia	2011	1	200	240	1	F2	0,346	8
T2	Mercia	2011	1	200	240	1	F3	0,72	2
T2	Mercia	2011	1	200	240	1	F4	0,492	4
T2	Mercia	2011	1	200	240	2	F1	0,252	2
T2	Mercia	2011	1	200	240	2	F2	0,493	2
T2	Mercia	2011	1	200	240	2	F3	0,603	2
T2	Mercia	2011	1	200	240	2	F4	0,58	2
T2	Mercia	2011	1	200	240	3	F1	0,579	4
T2	Mercia	2011	1	200	240	3	F2	0,368	4
T2	Mercia	2011	1	200	240	3	F3	0,55	2
T2	Mercia	2011	1	200	240	3	F4	0,734	2
T2	Mercia	2011	1	200	240	4	F1	0,164	16
T2	Mercia	2011	1	200	240	4	F2	0,72	4
T2	Mercia	2011	1	200	240	4	F3	0,97	2
T2	Mercia	2011	1	200	240	4	F4	0,213	2
T2	Mercia	2011	1	200	240	5	F1	0,875	4
T2	Mercia	2011	1	200	240	5	F2	0,539	8
T2	Mercia	2011	1	200	240	5	F3	0,797	4
T2	Mercia	2011	1	200	240	5	F4	0,825	2
T2	Mercia	2011	1	200	240	6	F1	0,716	4
T2	Mercia	2011	1	200	240	6	F2	0,536	8
T2	Mercia	2011	1	200	240	6	F3	0,355	4
T2	Mercia	2011	1	200	240	6	F4	0,597	4
T2	Mercia	2011	1	200	240	7	F1	0,41	4
T2	Mercia	2011	1	200	240	7	F2	0,527	4
T2	Mercia	2011	1	200	240	7	F3	0,467	4
T2	Mercia	2011	1	200	240	7	F4	0,411	2
T2	Mercia	2011	1	200	240	8	F1	0,703	2
T2	Mercia	2011	1	200	240	8	F2	0,873	2
T2	Mercia	2011	1	200	240	8	F3	0,748	2
T2	Mercia	2011	1	200	240	8	F4	0,55	2
T2	Mercia	2011	1	200	240	9	F1	0,55	4
T2	Mercia	2011	1	200	240	9	F2	0,846	2
T2	Mercia	2011	1	200	240	9	F3	0,624	2
T2	Mercia	2011	1	200	240	9	F4	0,517	2
T2	Mercia	2011	1	200	240	10	F1	0,442	2
T2	Mercia	2011	1	200	240	10	F2	0,758	2
T2	Mercia	2011	1	200	240	10	F3	0,627	4
T2	Mercia	2011	1	200	240	10	F4	0,472	2
T2	Mercia	2011	1	200	240	11	F1	0,809	2
T2	Mercia	2011	1	200	240	11	F2	0,494	2
T2	Mercia	2011	1	200	240	11	F3	0,646	2
T2	Mercia	2011	1	200	240	11	F4	0,692	4
T2	Mercia	2011	1	200	240	12	F1	0,485	4
T2	Mercia	2011	1	200	240	12	F2	0,415	8
T2	Mercia	2011	1	200	240	12	F3	0,746	2
T2	Mercia	2011	1	200	240	12	F4	0,523	4
T2	Mercia	2011	1	200	240	13	F1	0,337	2
T2	Mercia	2011	1	200	240	13	F2	0,408	2
T2	Mercia	2011	1	200	240	13	F3	0,323	2
T2	Mercia	2011	1	200	240	13	F4	0,247	2
T2	Mercia	2011	1	200	240	14	F1	0,705	4
T2	Mercia	2011	1	200	240	14	F2	0,622	2
T2	Mercia	2011	1	200	240	14	F3	0,611	2
T2	Mercia	2011	1	200	240	14	F4	0,693	2
T2	Mercia	2011	1	200	240	15	F1	0,925	4
T2	Mercia	2011	1	200	240	15	F2	0,598	4
T2	Mercia	2011	1	200	240	15	F3	0,595	2
T2	Mercia	2011	1	200	240	15	F4	0,841	2
T2	Mercia	2011	1	200	240	16	F1	0,228	2
T2	Mercia	2011	1	200	240	16	F2	0,458	2
T2	Mercia	2011	1	200	240	16	F3	0,512	2
T2	Mercia	2011	1	200	240	16	F4	0,192	2
T2	Mercia	2011	1	200	240	17	F1	0,36	2
T2	Mercia	2011	1	200	240	17	F2	0,931	2
T2	Mercia	2011	1	200	240	17	F3	0,826	2
T2	Mercia	2011	1	200	240	17	F4	0,903	2
T2	Mercia	2011	1	200	240	18	F1	0,301	2
T2	Mercia	2011	1	200	240	18	F2	0,878	2
T2	Mercia	2011	1	200	240	18	F3	0,472	4
T2	Mercia	2011	1	200	240	18	F4	0,737	2
T2	Mercia	2011	1	200	240	19	F1	0,644	4
T2	Mercia	2011	1	200	240	19	F2	0,539	2
T2	Mercia	2011	1	200	240	19	F3	0,513	2
T2	Mercia	2011	1	200	240	19	F4	0,422	2
T2	Mercia	2011	1	200	240	20	F1	0,679	2
T2	Mercia	2011	1	200	240	20	F2	0,923	4
T2	Mercia	2011	1	200	240	20	F3	0,623	4
T2	Mercia	2011	1	200	240	20	F4	0,633	2
T2	Rht3	2011	1	40	240	1	F1	0,074	2
T2	Rht3	2011	1	40	240	1	F2	0,239	2
T2	Rht3	2011	1	40	240	1	F3	0,341	2
T2	Rht3	2011	1	40	240	1	F4	0,278	2
T2	Rht3	2011	1	40	240	2	F1	0,096	2
T2	Rht3	2011	1	40	240	2	F2	0,266	2
T2	Rht3	2011	1	40	240	2	F3	0,282	2
T2	Rht3	2011	1	40	240	2	F4	0,435	2
T2	Rht3	2011	1	40	240	3	F1	0,377	2
T2	Rht3	2011	1	40	240	3	F2	0,653	2
T2	Rht3	2011	1	40	240	3	F3	0,263	2
T2	Rht3	2011	1	40	240	3	F4	0,295	2
T2	Rht3	2011	1	40	240	4	F1	0,251	2
T2	Rht3	2011	1	40	240	4	F2	0,643	2
T2	Rht3	2011	1	40	240	4	F3	0,38	2
T2	Rht3	2011	1	40	240	4	F4	0,423	2
T2	Rht3	2011	1	40	240	5	F1	0,596	2
T2	Rht3	2011	1	40	240	5	F2	0,572	2
T2	Rht3	2011	1	40	240	5	F3	0,221	2
T2	Rht3	2011	1	40	240	5	F4	0,265	2
T2	Rht3	2011	1	40	240	6	F1	0,2	2
T2	Rht3	2011	1	40	240	6	F2	0,604	2
T2	Rht3	2011	1	40	240	6	F3	0,327	2
T2	Rht3	2011	1	40	240	6	F4	0,727	2
T2	Rht3	2011	1	40	240	7	F1	0,114	2
T2	Rht3	2011	1	40	240	7	F2	0,655	2
T2	Rht3	2011	1	40	240	7	F3	0,572	2
T2	Rht3	2011	1	40	240	7	F4	0,933	2
T2	Rht3	2011	1	40	240	8	F1	0,227	2
T2	Rht3	2011	1	40	240	8	F2	0,629	4
T2	Rht3	2011	1	40	240	8	F3	0,463	2
T2	Rht3	2011	1	40	240	8	F4	0,439	2
T2	Rht3	2011	1	40	240	9	F1	0,115	2
T2	Rht3	2011	1	40	240	9	F2	0,289	2
T2	Rht3	2011	1	40	240	9	F3	0,25	2
T2	Rht3	2011	1	40	240	9	F4	0,291	2
T2	Rht3	2011	1	40	240	10	F1	0,109	2
T2	Rht3	2011	1	40	240	10	F2	0,784	2
T2	Rht3	2011	1	40	240	10	F3	0,464	2
T2	Rht3	2011	1	40	240	10	F4	0,309	2
T2	Rht3	2011	1	40	240	11	F1	0,061	2
T2	Rht3	2011	1	40	240	11	F2	0,204	2
T2	Rht3	2011	1	40	240	11	F3	0,226	2
T2	Rht3	2011	1	40	240	11	F4	0,301	2
T2	Rht3	2011	1	40	240	12	F1	0,119	2
T2	Rht3	2011	1	40	240	12	F2	0,294	2
T2	Rht3	2011	1	40	240	12	F3	0,404	2
T2	Rht3	2011	1	40	240	12	F4	0,433	2
T2	Rht3	2011	1	40	240	13	F1	0,037	2
T2	Rht3	2011	1	40	240	13	F2	0,183	2
T2	Rht3	2011	1	40	240	13	F3	0,155	2
T2	Rht3	2011	1	40	240	13	F4	0,196	2
T2	Rht3	2011	1	40	240	14	F1	0,133	2
T2	Rht3	2011	1	40	240	14	F2	0,353	2
T2	Rht3	2011	1	40	240	14	F3	0,852	2
T2	Rht3	2011	1	40	240	14	F4	0,908	2
T2	Rht3	2011	1	40	240	15	F1	0,073	2
T2	Rht3	2011	1	40	240	15	F2	0,221	2
T2	Rht3	2011	1	40	240	15	F3	0,191	2
T2	Rht3	2011	1	40	240	15	F4	0,302	2
T2	Rht3	2011	1	40	240	16	F1	0,226	2
T2	Rht3	2011	1	40	240	16	F2	0,662	2
T2	Rht3	2011	1	40	240	16	F3	0,205	2
T2	Rht3	2011	1	40	240	16	F4	0,623	2
T2	Rht3	2011	1	40	240	17	F1	0,106	2
T2	Rht3	2011	1	40	240	17	F2	0,407	2
T2	Rht3	2011	1	40	240	17	F3	0,136	2
T2	Rht3	2011	1	40	240	17	F4	0,181	2
T2	Rht3	2011	1	40	240	18	F1	0,039	2
T2	Rht3	2011	1	40	240	18	F2	0,116	2
T2	Rht3	2011	1	40	240	18	F3	0,17	2
T2	Rht3	2011	1	40	240	18	F4	0,245	2
T2	Rht3	2011	1	40	240	19	F1	0,091	2
T2	Rht3	2011	1	40	240	19	F2	0,479	2
T2	Rht3	2011	1	40	240	19	F3	0,544	2
T2	Rht3	2011	1	40	240	19	F4	0,25	2
T2	Rht3	2011	1	40	240	20	F1	0,133	2
T2	Rht3	2011	1	40	240	20	F2	0,325	2
T2	Rht3	2011	1	40	240	20	F3	0,431	2
T2	Rht3	2011	1	40	240	20	F4	0,819	2
T2	Rht3	2011	1	80	240	1	F1	0,194	2
T2	Rht3	2011	1	80	240	1	F2	0,603	2
T2	Rht3	2011	1	80	240	1	F3	0,355	2
T2	Rht3	2011	1	80	240	1	F4	0,418	2
T2	Rht3	2011	1	80	240	2	F1	0,193	2
T2	Rht3	2011	1	80	240	2	F2	0,642	2
T2	Rht3	2011	1	80	240	2	F3	0,292	2
T2	Rht3	2011	1	80	240	2	F4	0,327	2
T2	Rht3	2011	1	80	240	3	F1	0,65	2
T2	Rht3	2011	1	80	240	3	F2	0,828	2
T2	Rht3	2011	1	80	240	3	F3	0,556	2
T2	Rht3	2011	1	80	240	3	F4	0,388	2
T2	Rht3	2011	1	80	240	4	F1	0,251	2
T2	Rht3	2011	1	80	240	4	F2	0,485	8
T2	Rht3	2011	1	80	240	4	F3	0,37	2
T2	Rht3	2011	1	80	240	4	F4	0,334	2
T2	Rht3	2011	1	80	240	5	F1	0,326	2
T2	Rht3	2011	1	80	240	5	F2	0,467	2
T2	Rht3	2011	1	80	240	5	F3	0,652	2
T2	Rht3	2011	1	80	240	5	F4	0,482	2
T2	Rht3	2011	1	80	240	6	F1	0,138	2
T2	Rht3	2011	1	80	240	6	F2	0,914	2
T2	Rht3	2011	1	80	240	6	F3	0,732	2
T2	Rht3	2011	1	80	240	6	F4	0,401	2
T2	Rht3	2011	1	80	240	7	F1	0,479	2
T2	Rht3	2011	1	80	240	7	F2	0,397	8
T2	Rht3	2011	1	80	240	7	F3	0,349	8
T2	Rht3	2011	1	80	240	7	F4	0,305	2
T2	Rht3	2011	1	80	240	8	F1	0,226	2
T2	Rht3	2011	1	80	240	8	F2	0,783	2
T2	Rht3	2011	1	80	240	8	F3	0,549	2
T2	Rht3	2011	1	80	240	8	F4	0,277	2
T2	Rht3	2011	1	80	240	9	F1	0,3	2
T2	Rht3	2011	1	80	240	9	F2	0,498	2
T2	Rht3	2011	1	80	240	9	F3	0,69	2
T2	Rht3	2011	1	80	240	9	F4	0,354	2
T2	Rht3	2011	1	80	240	10	F1	0,249	2
T2	Rht3	2011	1	80	240	10	F2	0,3	8
T2	Rht3	2011	1	80	240	10	F3	0,426	2
T2	Rht3	2011	1	80	240	10	F4	0,381	2
T2	Rht3	2011	1	80	240	11	F1	0,148	2
T2	Rht3	2011	1	80	240	11	F2	0,725	2
T2	Rht3	2011	1	80	240	11	F3	0,277	2
T2	Rht3	2011	1	80	240	11	F4	0,316	2
T2	Rht3	2011	1	80	240	12	F1	0,146	2
T2	Rht3	2011	1	80	240	12	F2	0,422	2
T2	Rht3	2011	1	80	240	12	F3	0,313	2
T2	Rht3	2011	1	80	240	12	F4	0,418	2
T2	Rht3	2011	1	80	240	13	F1	0,298	2
T2	Rht3	2011	1	80	240	13	F2	0,749	2
T2	Rht3	2011	1	80	240	13	F3	0,493	2
T2	Rht3	2011	1	80	240	13	F4	0,417	2
T2	Rht3	2011	1	80	240	14	F1	0,2	2
T2	Rht3	2011	1	80	240	14	F2	0,634	2
T2	Rht3	2011	1	80	240	14	F3	0,413	2
T2	Rht3	2011	1	80	240	14	F4	0,405	2
T2	Rht3	2011	1	80	240	15	F1	0,173	2
T2	Rht3	2011	1	80	240	15	F2	0,594	2
T2	Rht3	2011	1	80	240	15	F3	0,85	2
T2	Rht3	2011	1	80	240	15	F4	0,357	2
T2	Rht3	2011	1	80	240	16	F1	0,544	2
T2	Rht3	2011	1	80	240	16	F2	0,831	2
T2	Rht3	2011	1	80	240	16	F3	0,37	2
T2	Rht3	2011	1	80	240	16	F4	0,354	2
T2	Rht3	2011	1	80	240	17	F1	0,754	2
T2	Rht3	2011	1	80	240	17	F2	0,521	2
T2	Rht3	2011	1	80	240	17	F3	0,474	2
T2	Rht3	2011	1	80	240	17	F4	0,468	2
T2	Rht3	2011	1	80	240	18	F1	0,213	2
T2	Rht3	2011	1	80	240	18	F2	0,4	8
T2	Rht3	2011	1	80	240	18	F3	0,559	8
T2	Rht3	2011	1	80	240	18	F4	0,739	2
T2	Rht3	2011	1	80	240	19	F1	0,219	2
T2	Rht3	2011	1	80	240	19	F2	0,302	8
T2	Rht3	2011	1	80	240	19	F3	0,514	2
T2	Rht3	2011	1	80	240	19	F4	0,481	2
T2	Rht3	2011	1	80	240	20	F1	0,251	2
T2	Rht3	2011	1	80	240	20	F2	0,0722	2
T2	Rht3	2011	1	80	240	20	F3	0,349	2
T2	Rht3	2011	1	80	240	20	F4	0,358	2
T2	Rht3	2011	1	150	240	1	F1	0,867	2
T2	Rht3	2011	1	150	240	1	F2	0,328	16
T2	Rht3	2011	1	150	240	1	F3	0,568	2
T2	Rht3	2011	1	150	240	1	F4	0,667	2
T2	Rht3	2011	1	150	240	2	F1	0,151	2
T2	Rht3	2011	1	150	240	2	F2	0,164	8
T2	Rht3	2011	1	150	240	2	F3	0,471	4
T2	Rht3	2011	1	150	240	2	F4	0,814	2
T2	Rht3	2011	1	150	240	3	F1	0,429	2
T2	Rht3	2011	1	150	240	3	F2	0,681	8
T2	Rht3	2011	1	150	240	3	F3	0,275	8
T2	Rht3	2011	1	150	240	3	F4	0,464	8
T2	Rht3	2011	1	150	240	4	F1	0,183	2
T2	Rht3	2011	1	150	240	4	F2	0,176	8
T2	Rht3	2011	1	150	240	4	F3	0,637	8
T2	Rht3	2011	1	150	240	4	F4	0,304	8
T2	Rht3	2011	1	150	240	5	F1	0,213	2
T2	Rht3	2011	1	150	240	5	F2	0,311	8
T2	Rht3	2011	1	150	240	5	F3	0,217	8
T2	Rht3	2011	1	150	240	5	F4	0,354	8
T2	Rht3	2011	1	150	240	6	F1	0,572	2
T2	Rht3	2011	1	150	240	6	F2	0,397	2
T2	Rht3	2011	1	150	240	6	F3	0,381	4
T2	Rht3	2011	1	150	240	6	F4	0,855	2
T2	Rht3	2011	1	150	240	7	F1	0,421	2
T2	Rht3	2011	1	150	240	7	F2	0,628	4
T2	Rht3	2011	1	150	240	7	F3	0,601	4
T2	Rht3	2011	1	150	240	7	F4	0,38	8
T2	Rht3	2011	1	150	240	8	F1	0,396	2
T2	Rht3	2011	1	150	240	8	F2	0,594	4
T2	Rht3	2011	1	150	240	8	F3	0,248	8
T2	Rht3	2011	1	150	240	8	F4	0,357	4
T2	Rht3	2011	1	150	240	9	F1	0,383	4
T2	Rht3	2011	1	150	240	9	F2	0,541	16
T2	Rht3	2011	1	150	240	9	F3	0,201	16
T2	Rht3	2011	1	150	240	9	F4	0,416	8
T2	Rht3	2011	1	150	240	10	F1	0,444	2
T2	Rht3	2011	1	150	240	10	F2	0,507	4
T2	Rht3	2011	1	150	240	10	F3	0,498	4
T2	Rht3	2011	1	150	240	10	F4	0,456	4
T2	Rht3	2011	1	150	240	11	F1	0,332	4
T2	Rht3	2011	1	150	240	11	F2	0,192	16
T2	Rht3	2011	1	150	240	11	F3	0,283	8
T2	Rht3	2011	1	150	240	11	F4	0,58	4
T2	Rht3	2011	1	150	240	12	F1	0,515	2
T2	Rht3	2011	1	150	240	12	F2	0,75	16
T2	Rht3	2011	1	150	240	12	F3	0,339	8
T2	Rht3	2011	1	150	240	12	F4	0,323	8
T2	Rht3	2011	1	150	240	13	F1	0,266	8
T2	Rht3	2011	1	150	240	13	F2	0,698	8
T2	Rht3	2011	1	150	240	13	F3	0,362	4
T2	Rht3	2011	1	150	240	13	F4	0,689	2
T2	Rht3	2011	1	150	240	14	F1	0,85	2
T2	Rht3	2011	1	150	240	14	F2	0,387	8
T2	Rht3	2011	1	150	240	14	F3	0,427	4
T2	Rht3	2011	1	150	240	14	F4	0,505	8
T2	Rht3	2011	1	150	240	15	F1	0,607	2
T2	Rht3	2011	1	150	240	15	F2	0,557	4
T2	Rht3	2011	1	150	240	15	F3	0,554	8
T2	Rht3	2011	1	150	240	15	F4	0,403	2
T2	Rht3	2011	1	150	240	16	F1	0,376	2
T2	Rht3	2011	1	150	240	16	F2	0,553	4
T2	Rht3	2011	1	150	240	16	F3	0,219	8
T2	Rht3	2011	1	150	240	16	F4	0,526	4
T2	Rht3	2011	1	150	240	17	F1	0,571	4
T2	Rht3	2011	1	150	240	17	F2	0,542	8
T2	Rht3	2011	1	150	240	17	F3	0,257	8
T2	Rht3	2011	1	150	240	17	F4	0,417	4
T2	Rht3	2011	1	150	240	18	F1	0,166	2
T2	Rht3	2011	1	150	240	18	F2	0,531	2
T2	Rht3	2011	1	150	240	18	F3	0,491	2
T2	Rht3	2011	1	150	240	18	F4	0,645	2
T2	Rht3	2011	1	150	240	19	F1	0,497	2
T2	Rht3	2011	1	150	240	19	F2	0,379	8
T2	Rht3	2011	1	150	240	19	F3	0,482	2
T2	Rht3	2011	1	150	240	19	F4	0,557	4
T2	Rht3	2011	1	150	240	20	F1	0,337	2
T2	Rht3	2011	1	150	240	20	F2	0,773	4
T2	Rht3	2011	1	150	240	20	F3	0,65	4
T2	Rht3	2011	1	150	240	20	F4	0,595	4
T2	Rht3	2011	1	200	240	1	F1	0,353	2
T2	Rht3	2011	1	200	240	1	F2	0,607	16
T2	Rht3	2011	1	200	240	1	F3	0,604	8
T2	Rht3	2011	1	200	240	1	F4	0,562	4
T2	Rht3	2011	1	200	240	2	F1	0,558	2
T2	Rht3	2011	1	200	240	2	F2	0,535	8
T2	Rht3	2011	1	200	240	2	F3	0,2	16
T2	Rht3	2011	1	200	240	2	F4	0,32	8
T2	Rht3	2011	1	200	240	3	F1	0,282	2
T2	Rht3	2011	1	200	240	3	F2	0,607	8
T2	Rht3	2011	1	200	240	3	F3	0,977	2
T2	Rht3	2011	1	200	240	3	F4	0,602	4
T2	Rht3	2011	1	200	240	4	F1	0,372	2
T2	Rht3	2011	1	200	240	4	F2	0,942	8
T2	Rht3	2011	1	200	240	4	F3	0,328	8
T2	Rht3	2011	1	200	240	4	F4	0,366	8
T2	Rht3	2011	1	200	240	5	F1	0,561	2
T2	Rht3	2011	1	200	240	5	F2	0,385	8
T2	Rht3	2011	1	200	240	5	F3	0,449	4
T2	Rht3	2011	1	200	240	5	F4	0,522	4
T2	Rht3	2011	1	200	240	6	F1	0,363	2
T2	Rht3	2011	1	200	240	6	F2	0,439	8
T2	Rht3	2011	1	200	240	6	F3	0,425	4
T2	Rht3	2011	1	200	240	6	F4	0,497	8
T2	Rht3	2011	1	200	240	7	F1	0,958	2
T2	Rht3	2011	1	200	240	7	F2	0,807	8
T2	Rht3	2011	1	200	240	7	F3	0,542	8
T2	Rht3	2011	1	200	240	7	F4	0,381	8
T2	Rht3	2011	1	200	240	8	F1	0,181	2
T2	Rht3	2011	1	200	240	8	F2	0,509	4
T2	Rht3	2011	1	200	240	8	F3	0,693	2
T2	Rht3	2011	1	200	240	8	F4	0,863	2
T2	Rht3	2011	1	200	240	9	F1	0,085	2
T2	Rht3	2011	1	200	240	9	F2	0,421	2
T2	Rht3	2011	1	200	240	9	F3	0,297	4
T2	Rht3	2011	1	200	240	9	F4	0,479	2
T2	Rht3	2011	1	200	240	10	F1	0,425	4
T2	Rht3	2011	1	200	240	10	F2	0,52	8
T2	Rht3	2011	1	200	240	10	F3	0,293	8
T2	Rht3	2011	1	200	240	10	F4	0,243	8
T2	Rht3	2011	1	200	240	11	F1	0,535	2
T2	Rht3	2011	1	200	240	11	F2	0,807	8
T2	Rht3	2011	1	200	240	11	F3	0,426	4
T2	Rht3	2011	1	200	240	11	F4	0,456	2
T2	Rht3	2011	1	200	240	12	F1	0,201	8
T2	Rht3	2011	1	200	240	12	F2	0,493	8
T2	Rht3	2011	1	200	240	12	F3	0,573	4
T2	Rht3	2011	1	200	240	12	F4	0,413	8
T2	Rht3	2011	1	200	240	13	F1	0,699	2
T2	Rht3	2011	1	200	240	13	F2	0,402	32
T2	Rht3	2011	1	200	240	13	F3	0,354	16
T2	Rht3	2011	1	200	240	13	F4	0,698	8
T2	Rht3	2011	1	200	240	14	F1	0,345	8
T2	Rht3	2011	1	200	240	14	F2	0,53	8
T2	Rht3	2011	1	200	240	14	F3	0,474	8
T2	Rht3	2011	1	200	240	14	F4	0,83	8
T2	Rht3	2011	1	200	240	15	F1	0,755	8
T2	Rht3	2011	1	200	240	15	F2	0,711	8
T2	Rht3	2011	1	200	240	15	F3	0,42	8
T2	Rht3	2011	1	200	240	15	F4	0,57	8
T2	Rht3	2011	1	200	240	16	F1	0,442	2
T2	Rht3	2011	1	200	240	16	F2	0,464	8
T2	Rht3	2011	1	200	240	16	F3	0,287	8
T2	Rht3	2011	1	200	240	16	F4	0,228	8
T2	Rht3	2011	1	200	240	17	F1	0,828	2
T2	Rht3	2011	1	200	240	17	F2	0,402	32
T2	Rht3	2011	1	200	240	17	F3	0,462	8
T2	Rht3	2011	1	200	240	17	F4	0,266	8
T2	Rht3	2011	1	200	240	18	F1	0,694	2
T2	Rht3	2011	1	200	240	18	F2	0,47	8
T2	Rht3	2011	1	200	240	18	F3	0,499	8
T2	Rht3	2011	1	200	240	18	F4	0,344	8
T2	Rht3	2011	1	200	240	19	F1	0,234	8
T2	Rht3	2011	1	200	240	19	F2	0,286	32
T2	Rht3	2011	1	200	240	19	F3	0,502	8
T2	Rht3	2011	1	200	240	19	F4	0,274	8
T2	Rht3	2011	1	200	240	20	F1	0,196	8
T2	Rht3	2011	1	200	240	20	F2	0,314	8
T2	Rht3	2011	1	200	240	20	F3	0,254	8
T2	Rht3	2011	1	200	240	20	F4	0,322	8
T1	Tremie12	2012	1	40	150	1	F1	0,816	3
T1	Tremie12	2012	1	40	150	1	F2	0,78	2
T1	Tremie12	2012	1	40	150	1	F3	0,429	2
T1	Tremie12	2012	1	40	150	2	F1	0,575	3
T1	Tremie12	2012	1	40	150	2	F2	0,355	2
T1	Tremie12	2012	1	40	150	2	F3	0,633	2
T1	Tremie12	2012	1	40	150	2	F4	0,209	1
T1	Tremie12	2012	1	40	150	3	F1	0,25	3
T1	Tremie12	2012	1	40	150	3	F2	0,2	2
T1	Tremie12	2012	1	40	150	3	F3	0,457	2
T1	Tremie12	2012	1	40	150	3	F4	0,761	1
T1	Tremie12	2012	1	40	150	4	F1	0,223	3
T1	Tremie12	2012	1	40	150	4	F2	0,653	2
T1	Tremie12	2012	1	40	150	4	F3	0,172	2
T1	Tremie12	2012	1	40	150	4	F4	0,891	1
T1	Tremie12	2012	1	40	150	5	F1	0,504	3
T1	Tremie12	2012	1	40	150	5	F2	0,499	2
T1	Tremie12	2012	1	40	150	5	F3	0,112	2
T1	Tremie12	2012	1	40	150	5	F4	0,343	1
T1	Tremie12	2012	1	40	150	6	F1	0,232	3
T1	Tremie12	2012	1	40	150	6	F2	0,993	2
T1	Tremie12	2012	1	40	150	6	F3	0,392	2
T1	Tremie12	2012	1	40	150	7	F1	0,078	1
T1	Tremie12	2012	1	40	150	7	F2	0,222	2
T1	Tremie12	2012	1	40	150	7	F3	0,15	2
T1	Tremie12	2012	1	40	150	7	F4	0,127	1
T1	Tremie12	2012	1	40	150	8	F1	0,357	3
T1	Tremie12	2012	1	40	150	8	F2	0,599	2
T1	Tremie12	2012	1	40	150	8	F3	0,284	2
T1	Tremie12	2012	1	40	150	8	F4	0,334	1
T1	Tremie12	2012	1	40	150	9	F1	0,303	3
T1	Tremie12	2012	1	40	150	9	F2	0,771	2
T1	Tremie12	2012	1	40	150	9	F3	0,326	2
T1	Tremie12	2012	1	40	150	9	F4	0,532	1
T1	Tremie12	2012	1	40	150	10	F1	0,19	1
T1	Tremie12	2012	1	40	150	10	F2	0,3	2
T1	Tremie12	2012	1	40	150	10	F3	0,318	2
T1	Tremie12	2012	1	40	150	10	F4	0,342	1
T1	Tremie12	2012	2	40	150	1	F1	0,413	3
T1	Tremie12	2012	2	40	150	1	F2	0,315	2
T1	Tremie12	2012	2	40	150	1	F3	0,487	2
T1	Tremie12	2012	2	40	150	1	F4	0,11	1
T1	Tremie12	2012	2	40	150	2	F1	0,179	3
T1	Tremie12	2012	2	40	150	2	F2	0,328	2
T1	Tremie12	2012	2	40	150	2	F3	0,271	2
T1	Tremie12	2012	2	40	150	2	F4	0,463	1
T1	Tremie12	2012	2	40	150	3	F1	0,3	3
T1	Tremie12	2012	2	40	150	3	F2	0,677	2
T1	Tremie12	2012	2	40	150	3	F3	0,223	2
T1	Tremie12	2012	2	40	150	3	F4	0,33	1
T1	Tremie12	2012	2	40	150	4	F1	0,179	3
T1	Tremie12	2012	2	40	150	4	F2	0,181	2
T1	Tremie12	2012	2	40	150	4	F3	0,191	2
T1	Tremie12	2012	2	40	150	4	F4	0,231	1
T1	Tremie12	2012	2	40	150	5	F1	0,29	3
T1	Tremie12	2012	2	40	150	5	F2	0,524	2
T1	Tremie12	2012	2	40	150	5	F3	0,428	2
T1	Tremie12	2012	2	40	150	6	F1	0,246	3
T1	Tremie12	2012	2	40	150	6	F2	0,737	2
T1	Tremie12	2012	2	40	150	6	F3	0,183	2
T1	Tremie12	2012	2	40	150	6	F4	0,611	2
T1	Tremie12	2012	2	40	150	7	F1	0,168	3
T1	Tremie12	2012	2	40	150	7	F2	0,229	2
T1	Tremie12	2012	2	40	150	7	F3	0,224	2
T1	Tremie12	2012	2	40	150	7	F4	0,538	1
T1	Tremie12	2012	2	40	150	8	F1	0,255	1
T1	Tremie12	2012	2	40	150	8	F2	0,751	2
T1	Tremie12	2012	2	40	150	8	F3	0,293	2
T1	Tremie12	2012	2	40	150	8	F4	1	1
T1	Tremie12	2012	2	40	150	9	F1	0,898	3
T1	Tremie12	2012	2	40	150	9	F2	0,513	2
T1	Tremie12	2012	2	40	150	9	F3	0,239	2
T1	Tremie12	2012	2	40	150	10	F1	0,378	3
T1	Tremie12	2012	2	40	150	10	F2	0,688	2
T1	Tremie12	2012	2	40	150	10	F3	0,413	2
T1	Tremie12	2012	2	40	150	10	F4	0,535	1
T1	Tremie12	2012	1	80	150	1	F1	0,115	3
T1	Tremie12	2012	1	80	150	1	F2	0,175	4
T1	Tremie12	2012	1	80	150	1	F3	0,261	2
T1	Tremie12	2012	1	80	150	1	F4	0,526	2
T1	Tremie12	2012	1	80	150	2	F1	0,82	3
T1	Tremie12	2012	1	80	150	2	F2	0,77	2
T1	Tremie12	2012	1	80	150	2	F3	0,382	2
T1	Tremie12	2012	1	80	150	2	F4	0,662	2
T1	Tremie12	2012	1	80	150	3	F1	0,533	3
T1	Tremie12	2012	1	80	150	3	F2	0,462	2
T1	Tremie12	2012	1	80	150	3	F3	0,424	2
T1	Tremie12	2012	1	80	150	4	F1	0,587	6
T1	Tremie12	2012	1	80	150	4	F2	0,771	2
T1	Tremie12	2012	1	80	150	4	F3	0,748	2
T1	Tremie12	2012	1	80	150	5	F1	0,748	3
T1	Tremie12	2012	1	80	150	5	F2	0,663	4
T1	Tremie12	2012	1	80	150	5	F3	0,657	2
T1	Tremie12	2012	1	80	150	5	F4	0,893	2
T1	Tremie12	2012	1	80	150	6	F1	0,534	6
T1	Tremie12	2012	1	80	150	6	F2	0,553	4
T1	Tremie12	2012	1	80	150	6	F3	0,429	2
T1	Tremie12	2012	1	80	150	6	F4	0,487	2
T1	Tremie12	2012	1	80	150	7	F1	0,638	3
T1	Tremie12	2012	1	80	150	7	F2	0,876	4
T1	Tremie12	2012	1	80	150	7	F3	0,665	2
T1	Tremie12	2012	1	80	150	7	F4	0,325	2
T1	Tremie12	2012	1	80	150	8	F1	0,296	3
T1	Tremie12	2012	1	80	150	8	F2	0,41	2
T1	Tremie12	2012	1	80	150	8	F3	0,346	2
T1	Tremie12	2012	1	80	150	9	F1	0,648	3
T1	Tremie12	2012	1	80	150	9	F2	0,752	4
T1	Tremie12	2012	1	80	150	9	F3	0,462	2
T1	Tremie12	2012	1	80	150	9	F4	0,181	2
T1	Tremie12	2012	1	80	150	10	F1	0,115	3
T1	Tremie12	2012	1	80	150	10	F2	1	4
T1	Tremie12	2012	1	80	150	10	F3	0,396	2
T1	Tremie12	2012	1	80	150	10	F4	0,456	2
T1	Tremie12	2012	2	80	150	1	F1	0,693	3
T1	Tremie12	2012	2	80	150	1	F2	0,85	2
T1	Tremie12	2012	2	80	150	1	F3	0,143	2
T1	Tremie12	2012	2	80	150	1	F4	0,234	2
T1	Tremie12	2012	2	80	150	2	F1	0,321	3
T1	Tremie12	2012	2	80	150	2	F2	0,639	2
T1	Tremie12	2012	2	80	150	2	F3	0,35	2
T1	Tremie12	2012	2	80	150	2	F4	0,273	2
T1	Tremie12	2012	2	80	150	3	F1	0,381	3
T1	Tremie12	2012	2	80	150	3	F2	0,574	2
T1	Tremie12	2012	2	80	150	3	F3	0,263	2
T1	Tremie12	2012	2	80	150	3	F4	0,763	2
T1	Tremie12	2012	2	80	150	4	F1	0,962	3
T1	Tremie12	2012	2	80	150	4	F2	0,686	4
T1	Tremie12	2012	2	80	150	4	F3	0,799	2
T1	Tremie12	2012	2	80	150	5	F1	0,224	3
T1	Tremie12	2012	2	80	150	5	F2	0,494	2
T1	Tremie12	2012	2	80	150	5	F3	0,276	2
T1	Tremie12	2012	2	80	150	5	F4	0,449	2
T1	Tremie12	2012	2	80	150	6	F1	0,524	3
T1	Tremie12	2012	2	80	150	6	F2	0,439	2
T1	Tremie12	2012	2	80	150	6	F3	0,72	2
T1	Tremie12	2012	2	80	150	6	F4	0,327	2
T1	Tremie12	2012	2	80	150	7	F1	0,218	3
T1	Tremie12	2012	2	80	150	7	F2	0,765	4
T1	Tremie12	2012	2	80	150	7	F3	0,423	2
T1	Tremie12	2012	2	80	150	7	F4	0,734	2
T1	Tremie12	2012	2	80	150	8	F1	0,761	3
T1	Tremie12	2012	2	80	150	8	F2	0,932	4
T1	Tremie12	2012	2	80	150	8	F3	0,872	2
T1	Tremie12	2012	2	80	150	8	F4	0,212	2
T1	Tremie12	2012	2	80	150	9	F1	0,555	3
T1	Tremie12	2012	2	80	150	9	F2	0,797	2
T1	Tremie12	2012	2	80	150	9	F3	0,53	2
T1	Tremie12	2012	2	80	150	10	F1	0,189	3
T1	Tremie12	2012	2	80	150	10	F2	0,187	2
T1	Tremie12	2012	2	80	150	10	F3	0,34	2
T1	Tremie12	2012	2	80	150	10	F4	0,208	2
T1	Tremie12	2012	1	150	150	1	F1	0,785	3
T1	Tremie12	2012	1	150	150	1	F2	0,743	3
T1	Tremie12	2012	1	150	150	1	F3	0,556	4
T1	Tremie12	2012	1	150	150	2	F1	0,45	3
T1	Tremie12	2012	1	150	150	2	F2	0,33	3
T1	Tremie12	2012	1	150	150	2	F3	0,286	2
T1	Tremie12	2012	1	150	150	2	F4	0,311	1
T1	Tremie12	2012	1	150	150	3	F1	0,394	3
T1	Tremie12	2012	1	150	150	3	F2	0,179	3
T1	Tremie12	2012	1	150	150	3	F3	0,899	2
T1	Tremie12	2012	1	150	150	3	F4	1	2
T1	Tremie12	2012	1	150	150	4	F1	0,466	3
T1	Tremie12	2012	1	150	150	4	F2	0,342	3
T1	Tremie12	2012	1	150	150	4	F3	0,282	2
T1	Tremie12	2012	1	150	150	5	F1	0,659	6
T1	Tremie12	2012	1	150	150	5	F2	0,968	3
T1	Tremie12	2012	1	150	150	5	F3	0,974	2
T1	Tremie12	2012	1	150	150	6	F1	0,556	3
T1	Tremie12	2012	1	150	150	6	F2	0,413	3
T1	Tremie12	2012	1	150	150	6	F3	0,483	2
T1	Tremie12	2012	1	150	150	6	F4	0,639	2
T1	Tremie12	2012	1	150	150	7	F1	0,362	3
T1	Tremie12	2012	1	150	150	7	F2	0,602	6
T1	Tremie12	2012	1	150	150	7	F3	0,418	2
T1	Tremie12	2012	1	150	150	7	F4	0,661	1
T1	Tremie12	2012	1	150	150	8	F1	0,958	9
T1	Tremie12	2012	1	150	150	8	F2	0,959	6
T1	Tremie12	2012	1	150	150	8	F3	0,776	2
T1	Tremie12	2012	1	150	150	8	F4	0,668	2
T1	Tremie12	2012	1	150	150	9	F1	0,711	3
T1	Tremie12	2012	1	150	150	9	F2	0,343	3
T1	Tremie12	2012	1	150	150	9	F3	0,66	4
T1	Tremie12	2012	1	150	150	9	F4	0,901	1
T1	Tremie12	2012	1	150	150	10	F1	0,403	3
T1	Tremie12	2012	1	150	150	10	F2	0,211	3
T1	Tremie12	2012	1	150	150	10	F3	0,375	2
T1	Tremie12	2012	2	150	150	1	F1	0,659	3
T1	Tremie12	2012	2	150	150	1	F2	0,86	3
T1	Tremie12	2012	2	150	150	1	F3	0,668	2
T1	Tremie12	2012	2	150	150	1	F4	0,763	2
T1	Tremie12	2012	2	150	150	2	F1	0,665	6
T1	Tremie12	2012	2	150	150	2	F2	0,746	3
T1	Tremie12	2012	2	150	150	2	F3	0,504	2
T1	Tremie12	2012	2	150	150	2	F4	0,606	2
T1	Tremie12	2012	2	150	150	3	F1	0,76	6
T1	Tremie12	2012	2	150	150	3	F2	0,6	6
T1	Tremie12	2012	2	150	150	3	F3	0,614	2
T1	Tremie12	2012	2	150	150	3	F4	0,849	9
T1	Tremie12	2012	2	150	150	4	F1	0,105	3
T1	Tremie12	2012	2	150	150	4	F2	0,521	6
T1	Tremie12	2012	2	150	150	4	F3	0,556	4
T1	Tremie12	2012	2	150	150	4	F4	0,947	1
T1	Tremie12	2012	2	150	150	5	F1	0,651	3
T1	Tremie12	2012	2	150	150	5	F2	0,923	3
T1	Tremie12	2012	2	150	150	5	F3	0,629	2
T1	Tremie12	2012	2	150	150	5	F4	0,647	2
T1	Tremie12	2012	2	150	150	6	F1	0,448	3
T1	Tremie12	2012	2	150	150	6	F2	0,897	6
T1	Tremie12	2012	2	150	150	6	F3	0,563	4
T1	Tremie12	2012	2	150	150	6	F4	0,966	2
T1	Tremie12	2012	2	150	150	7	F1	0,794	6
T1	Tremie12	2012	2	150	150	7	F2	0,916	3
T1	Tremie12	2012	2	150	150	7	F3	0,891	2
T1	Tremie12	2012	2	150	150	7	F4	0,879	2
T1	Tremie12	2012	2	150	150	8	F1	0,897	3
T1	Tremie12	2012	2	150	150	8	F2	0,86	6
T1	Tremie12	2012	2	150	150	8	F3	0,502	2
T1	Tremie12	2012	2	150	150	8	F4	0,986	2
T1	Tremie12	2012	2	150	150	9	F1	0,46	3
T1	Tremie12	2012	2	150	150	9	F2	0,527	3
T1	Tremie12	2012	2	150	150	9	F3	0,976	2
T1	Tremie12	2012	2	150	150	9	F4	0,945	2
T1	Tremie12	2012	2	150	150	10	F1	0,702	3
T1	Tremie12	2012	2	150	150	10	F2	0,345	3
T1	Tremie12	2012	2	150	150	10	F3	0,36	2
T1	Tremie12	2012	2	150	150	10	F4	0,761	2
T1	Tremie12	2012	1	200	150	1	F1	0,689	6
T1	Tremie12	2012	1	200	150	1	F2	0,523	3
T1	Tremie12	2012	1	200	150	1	F3	0,517	2
T1	Tremie12	2012	1	200	150	2	F1	0,647	3
T1	Tremie12	2012	1	200	150	2	F2	0,331	3
T1	Tremie12	2012	1	200	150	2	F3	0,913	2
T1	Tremie12	2012	1	200	150	3	F1	0,44	3
T1	Tremie12	2012	1	200	150	3	F2	0,667	6
T1	Tremie12	2012	1	200	150	3	F3	0,726	2
T1	Tremie12	2012	1	200	150	3	F4	1	2
T1	Tremie12	2012	1	200	150	4	F1	0,752	6
T1	Tremie12	2012	1	200	150	4	F2	0,862	3
T1	Tremie12	2012	1	200	150	4	F3	0,469	2
T1	Tremie12	2012	1	200	150	4	F4	0,523	2
T1	Tremie12	2012	1	200	150	5	F1	0,39	3
T1	Tremie12	2012	1	200	150	5	F2	0,772	3
T1	Tremie12	2012	1	200	150	5	F3	0,315	2
T1	Tremie12	2012	1	200	150	5	F4	0,74	3
T1	Tremie12	2012	1	200	150	6	F1	0,655	3
T1	Tremie12	2012	1	200	150	6	F2	0,965	6
T1	Tremie12	2012	1	200	150	6	F3	0,628	2
T1	Tremie12	2012	1	200	150	6	F4	0,813	4
T1	Tremie12	2012	1	200	150	7	F1	0,517	3
T1	Tremie12	2012	1	200	150	7	F2	0,508	6
T1	Tremie12	2012	1	200	150	7	F3	0,776	2
T1	Tremie12	2012	1	200	150	7	F4	0,95	4
T1	Tremie12	2012	1	200	150	8	F1	0,606	6
T1	Tremie12	2012	1	200	150	8	F2	0,776	6
T1	Tremie12	2012	1	200	150	8	F3	0,514	4
T1	Tremie12	2012	1	200	150	8	F4	0,886	3
T1	Tremie12	2012	1	200	150	9	F1	0,476	6
T1	Tremie12	2012	1	200	150	9	F2	0,478	3
T1	Tremie12	2012	1	200	150	9	F3	0,637	2
T1	Tremie12	2012	1	200	150	9	F4	0,565	2
T1	Tremie12	2012	2	200	150	1	F1	0,987	3
T1	Tremie12	2012	2	200	150	1	F2	0,938	3
T1	Tremie12	2012	2	200	150	1	F3	0,596	2
T1	Tremie12	2012	2	200	150	1	F4	1	3
T1	Tremie12	2012	2	200	150	2	F1	0,852	6
T1	Tremie12	2012	2	200	150	2	F2	0,802	6
T1	Tremie12	2012	2	200	150	2	F3	0,716	6
T1	Tremie12	2012	2	200	150	2	F4	0,766	3
T1	Tremie12	2012	2	200	150	3	F1	0,259	3
T1	Tremie12	2012	2	200	150	3	F2	0,706	3
T1	Tremie12	2012	2	200	150	3	F3	0,801	6
T1	Tremie12	2012	2	200	150	3	F4	0,716	1
T1	Tremie12	2012	2	200	150	4	F1	0,712	3
T1	Tremie12	2012	2	200	150	4	F2	0,597	3
T1	Tremie12	2012	2	200	150	4	F3	0,505	4
T1	Tremie12	2012	2	200	150	4	F4	0,561	2
T1	Tremie12	2012	2	200	150	5	F1	0,548	3
T1	Tremie12	2012	2	200	150	5	F2	0,429	3
T1	Tremie12	2012	2	200	150	5	F3	0,631	6
T1	Tremie12	2012	2	200	150	6	F1	0,874	3
T1	Tremie12	2012	2	200	150	6	F2	0,757	9
T1	Tremie12	2012	2	200	150	6	F3	0,88	6
T1	Tremie12	2012	2	200	150	6	F4	0,82	2
T1	Tremie12	2012	2	200	150	7	F1	0,791	6
T1	Tremie12	2012	2	200	150	7	F2	0,657	9
T1	Tremie12	2012	2	200	150	7	F3	0,842	4
T1	Tremie12	2012	2	200	150	7	F4	0,912	4
T1	Tremie12	2012	2	200	150	8	F1	0,943	6
T1	Tremie12	2012	2	200	150	8	F2	0,666	6
T1	Tremie12	2012	2	200	150	8	F3	0,607	4
T1	Tremie12	2012	2	200	150	8	F4	0,826	1
T1	Tremie12	2012	2	200	150	9	F1	0,447	3
T1	Tremie12	2012	2	200	150	9	F2	0,961	6
T1	Tremie12	2012	2	200	150	9	F3	0,864	2
T1	Tremie12	2012	2	200	150	9	F4	0,788	3
T1	Tremie12	2012	2	200	150	10	F1	0,56	6
T1	Tremie12	2012	2	200	150	10	F2	0,681	3
T1	Tremie12	2012	2	200	150	10	F3	0,91	2
T1	Tremie12	2012	2	200	150	10	F4	0,903	1
T2	Tremie12	2012	1	40	150	1	F1	0,595	2
T2	Tremie12	2012	1	40	150	1	F2	0,782	3
T2	Tremie12	2012	1	40	150	1	F3	0,596	2
T2	Tremie12	2012	1	40	150	1	F4	0,455	1
T2	Tremie12	2012	1	40	150	2	F1	0,264	2
T2	Tremie12	2012	1	40	150	2	F2	0,66	3
T2	Tremie12	2012	1	40	150	2	F3	0,394	2
T2	Tremie12	2012	1	40	150	2	F4	0,153	1
T2	Tremie12	2012	1	40	150	3	F1	0,451	2
T2	Tremie12	2012	1	40	150	3	F2	0,329	3
T2	Tremie12	2012	1	40	150	3	F3	0,203	2
T2	Tremie12	2012	1	40	150	3	F4	0,126	1
T2	Tremie12	2012	1	40	150	4	F1	0,32	2
T2	Tremie12	2012	1	40	150	4	F2	0,629	3
T2	Tremie12	2012	1	40	150	4	F3	0,286	2
T2	Tremie12	2012	1	40	150	4	F4	0,365	1
T2	Tremie12	2012	1	40	150	5	F1	0,439	2
T2	Tremie12	2012	1	40	150	5	F2	0,247	3
T2	Tremie12	2012	1	40	150	5	F3	0,101	2
T2	Tremie12	2012	1	40	150	5	F4	0,14	1
T2	Tremie12	2012	1	40	150	6	F1	0,536	2
T2	Tremie12	2012	1	40	150	6	F2	0,603	3
T2	Tremie12	2012	1	40	150	6	F3	0,228	2
T2	Tremie12	2012	1	40	150	6	F4	0,757	1
T2	Tremie12	2012	1	40	150	7	F2	0,308	3
T2	Tremie12	2012	1	40	150	7	F3	0,286	2
T2	Tremie12	2012	1	40	150	7	F4	0,296	1
T2	Tremie12	2012	1	40	150	8	F1	0,198	2
T2	Tremie12	2012	1	40	150	8	F2	0,565	3
T2	Tremie12	2012	1	40	150	8	F3	0,328	2
T2	Tremie12	2012	1	40	150	8	F4	0,222	1
T2	Tremie12	2012	1	40	150	9	F1	0,415	2
T2	Tremie12	2012	1	40	150	9	F2	0,482	3
T2	Tremie12	2012	1	40	150	9	F3	0,228	2
T2	Tremie12	2012	1	40	150	9	F4	0,148	1
T2	Tremie12	2012	1	40	150	10	F1	0,445	2
T2	Tremie12	2012	1	40	150	10	F2	0,568	3
T2	Tremie12	2012	1	40	150	10	F3	0,29	2
T2	Tremie12	2012	1	40	150	10	F4	0,365	1
T2	Tremie12	2012	2	40	150	1	F1	0,272	2
T2	Tremie12	2012	2	40	150	1	F2	0,41	3
T2	Tremie12	2012	2	40	150	1	F3	0,265	2
T2	Tremie12	2012	2	40	150	1	F4	0,287	1
T2	Tremie12	2012	2	40	150	2	F1	0,898	2
T2	Tremie12	2012	2	40	150	2	F2	0,813	3
T2	Tremie12	2012	2	40	150	2	F3	0,452	2
T2	Tremie12	2012	2	40	150	2	F4	0,345	1
T2	Tremie12	2012	2	40	150	3	F1	0,364	2
T2	Tremie12	2012	2	40	150	3	F2	0,61	3
T2	Tremie12	2012	2	40	150	3	F3	0,673	2
T2	Tremie12	2012	2	40	150	3	F4	0,378	3
T2	Tremie12	2012	2	40	150	4	F1	0,559	2
T2	Tremie12	2012	2	40	150	4	F2	0,449	3
T2	Tremie12	2012	2	40	150	4	F3	0,574	2
T2	Tremie12	2012	2	40	150	4	F4	0,569	1
T2	Tremie12	2012	2	40	150	5	F2	0,701	3
T2	Tremie12	2012	2	40	150	5	F3	0,381	2
T2	Tremie12	2012	2	40	150	5	F4	0,602	1
T2	Tremie12	2012	2	40	150	6	F1	0,656	2
T2	Tremie12	2012	2	40	150	6	F2	0,636	3
T2	Tremie12	2012	2	40	150	6	F3	0,429	2
T2	Tremie12	2012	2	40	150	6	F4	0,156	1
T2	Tremie12	2012	2	40	150	7	F1	0,476	2
T2	Tremie12	2012	2	40	150	7	F2	0,212	3
T2	Tremie12	2012	2	40	150	7	F3	0,291	2
T2	Tremie12	2012	2	40	150	7	F4	0,243	1
T2	Tremie12	2012	2	40	150	8	F1	0,401	2
T2	Tremie12	2012	2	40	150	8	F2	0,464	3
T2	Tremie12	2012	2	40	150	8	F3	0,118	2
T2	Tremie12	2012	2	40	150	8	F4	0,176	1
T2	Tremie12	2012	2	40	150	9	F2	0,712	3
T2	Tremie12	2012	2	40	150	9	F3	0,386	2
T2	Tremie12	2012	2	40	150	9	F4	0,28	1
T2	Tremie12	2012	2	40	150	10	F1	0,651	2
T2	Tremie12	2012	2	40	150	10	F2	0,192	3
T2	Tremie12	2012	2	40	150	10	F3	0,157	2
T2	Tremie12	2012	1	80	150	1	F1	0,386	2
T2	Tremie12	2012	1	80	150	1	F2	0,96	4
T2	Tremie12	2012	1	80	150	1	F3	0,685	2
T2	Tremie12	2012	1	80	150	1	F4	0,262	1
T2	Tremie12	2012	1	80	150	2	F1	0,49	12
T2	Tremie12	2012	1	80	150	2	F2	0,917	4
T2	Tremie12	2012	1	80	150	2	F3	0,301	2
T2	Tremie12	2012	1	80	150	2	F4	0,443	1
T2	Tremie12	2012	1	80	150	3	F1	0,708	6
T2	Tremie12	2012	1	80	150	3	F2	0,72	4
T2	Tremie12	2012	1	80	150	3	F3	0,576	2
T2	Tremie12	2012	1	80	150	3	F4	0,509	1
T2	Tremie12	2012	1	80	150	4	F1	0,181	2
T2	Tremie12	2012	1	80	150	4	F2	0,202	4
T2	Tremie12	2012	1	80	150	4	F3	0,33	2
T2	Tremie12	2012	1	80	150	4	F4	0,318	1
T2	Tremie12	2012	1	80	150	5	F1	0,735	6
T2	Tremie12	2012	1	80	150	5	F2	0,853	4
T2	Tremie12	2012	1	80	150	5	F3	0,332	2
T2	Tremie12	2012	1	80	150	5	F4	0,924	1
T2	Tremie12	2012	1	80	150	6	F1	0,275	2
T2	Tremie12	2012	1	80	150	6	F2	0,355	12
T2	Tremie12	2012	1	80	150	6	F3	0,86	2
T2	Tremie12	2012	1	80	150	6	F4	0,391	1
T2	Tremie12	2012	1	80	150	7	F1	0,59	2
T2	Tremie12	2012	1	80	150	7	F2	0,285	4
T2	Tremie12	2012	1	80	150	7	F3	0,198	2
T2	Tremie12	2012	1	80	150	7	F4	0,211	1
T2	Tremie12	2012	1	80	150	8	F1	0,712	6
T2	Tremie12	2012	1	80	150	8	F2	0,681	4
T2	Tremie12	2012	1	80	150	8	F3	0,542	2
T2	Tremie12	2012	1	80	150	8	F4	0,273	1
T2	Tremie12	2012	1	80	150	9	F1	0,25	2
T2	Tremie12	2012	1	80	150	9	F2	0,161	4
T2	Tremie12	2012	1	80	150	9	F3	0,109	2
T2	Tremie12	2012	1	80	150	9	F4	0,137	1
T2	Tremie12	2012	1	80	150	10	F1	0,652	2
T2	Tremie12	2012	1	80	150	10	F2	0,489	4
T2	Tremie12	2012	1	80	150	10	F3	0,395	6
T2	Tremie12	2012	1	80	150	10	F4	0,543	1
T2	Tremie12	2012	2	80	150	1	F1	0,718	2
T2	Tremie12	2012	2	80	150	1	F2	0,71	4
T2	Tremie12	2012	2	80	150	1	F3	0,77	2
T2	Tremie12	2012	2	80	150	1	F4	0,8	1
T2	Tremie12	2012	2	80	150	2	F1	0,444	6
T2	Tremie12	2012	2	80	150	2	F2	0,766	4
T2	Tremie12	2012	2	80	150	2	F3	0,552	2
T2	Tremie12	2012	2	80	150	2	F4	0,493	3
T2	Tremie12	2012	2	80	150	3	F1	0,82	2
T2	Tremie12	2012	2	80	150	3	F2	0,318	4
T2	Tremie12	2012	2	80	150	3	F3	0,396	6
T2	Tremie12	2012	2	80	150	3	F4	0,525	3
T2	Tremie12	2012	2	80	150	4	F1	0,462	2
T2	Tremie12	2012	2	80	150	4	F2	0,567	4
T2	Tremie12	2012	2	80	150	4	F3	0,52	2
T2	Tremie12	2012	2	80	150	4	F4	0,606	1
T2	Tremie12	2012	2	80	150	5	F1	0,274	2
T2	Tremie12	2012	2	80	150	5	F2	0,416	4
T2	Tremie12	2012	2	80	150	5	F3	0,976	2
T2	Tremie12	2012	2	80	150	5	F4	0,428	1
T2	Tremie12	2012	2	80	150	6	F1	0,31	6
T2	Tremie12	2012	2	80	150	6	F2	0,192	4
T2	Tremie12	2012	2	80	150	6	F3	0,298	6
T2	Tremie12	2012	2	80	150	6	F4	0,598	1
T2	Tremie12	2012	2	80	150	7	F1	0,769	2
T2	Tremie12	2012	2	80	150	7	F2	0,715	4
T2	Tremie12	2012	2	80	150	7	F3	0,47	6
T2	Tremie12	2012	2	80	150	7	F4	0,383	3
T2	Tremie12	2012	2	80	150	8	F1	0,728	2
T2	Tremie12	2012	2	80	150	8	F2	0,371	12
T2	Tremie12	2012	2	80	150	8	F3	0,761	2
T2	Tremie12	2012	2	80	150	8	F4	0,636	1
T2	Tremie12	2012	2	80	150	9	F1	0,355	2
T2	Tremie12	2012	2	80	150	9	F2	0,467	4
T2	Tremie12	2012	2	80	150	9	F3	0,551	2
T2	Tremie12	2012	2	80	150	9	F4	0,448	1
T2	Tremie12	2012	2	80	150	10	F1	0,828	6
T2	Tremie12	2012	2	80	150	10	F2	0,397	4
T2	Tremie12	2012	2	80	150	10	F3	0,594	2
T2	Tremie12	2012	2	80	150	10	F4	0,35	1
T2	Tremie12	2012	1	150	150	1	F1	0,746	2
T2	Tremie12	2012	1	150	150	1	F2	0,326	16
T2	Tremie12	2012	1	150	150	1	F3	0,825	3
T2	Tremie12	2012	1	150	150	1	F4	0,419	2
T2	Tremie12	2012	1	150	150	2	F1	0,617	2
T2	Tremie12	2012	1	150	150	2	F2	0,392	16
T2	Tremie12	2012	1	150	150	2	F3	0,549	3
T2	Tremie12	2012	1	150	150	2	F4	0,535	2
T2	Tremie12	2012	1	150	150	3	F1	0,684	2
T2	Tremie12	2012	1	150	150	3	F2	0,763	4
T2	Tremie12	2012	1	150	150	3	F3	0,481	3
T2	Tremie12	2012	1	150	150	3	F4	0,361	2
T2	Tremie12	2012	1	150	150	4	F1	0,964	8
T2	Tremie12	2012	1	150	150	4	F2	0,502	16
T2	Tremie12	2012	1	150	150	4	F3	0,94	3
T2	Tremie12	2012	1	150	150	4	F4	0,419	2
T2	Tremie12	2012	1	150	150	5	F1	0,286	8
T2	Tremie12	2012	1	150	150	5	F2	0,255	16
T2	Tremie12	2012	1	150	150	5	F3	0,916	3
T2	Tremie12	2012	1	150	150	5	F4	0,403	2
T2	Tremie12	2012	1	150	150	6	F1	0,285	8
T2	Tremie12	2012	1	150	150	6	F2	0,775	4
T2	Tremie12	2012	1	150	150	6	F3	0,882	3
T2	Tremie12	2012	1	150	150	6	F4	0,522	2
T2	Tremie12	2012	1	150	150	7	F1	0,35	8
T2	Tremie12	2012	1	150	150	7	F2	0,545	16
T2	Tremie12	2012	1	150	150	7	F3	0,263	12
T2	Tremie12	2012	1	150	150	7	F4	0,317	2
T2	Tremie12	2012	1	150	150	8	F1	0,5	8
T2	Tremie12	2012	1	150	150	8	F2	0,403	16
T2	Tremie12	2012	1	150	150	8	F3	0,739	3
T2	Tremie12	2012	1	150	150	8	F4	0,225	2
T2	Tremie12	2012	1	150	150	9	F1	0,992	2
T2	Tremie12	2012	1	150	150	9	F2	0,75	4
T2	Tremie12	2012	1	150	150	9	F3	0,527	3
T2	Tremie12	2012	1	150	150	9	F4	0,519	2
T2	Tremie12	2012	1	150	150	10	F1	0,978	2
T2	Tremie12	2012	1	150	150	10	F2	0,707	16
T2	Tremie12	2012	1	150	150	10	F3	0,407	3
T2	Tremie12	2012	1	150	150	10	F4	0,216	2
T2	Tremie12	2012	2	150	150	1	F1	0,609	20
T2	Tremie12	2012	2	150	150	1	F2	0,352	16
T2	Tremie12	2012	2	150	150	1	F3	0,544	3
T2	Tremie12	2012	2	150	150	1	F4	0,41	2
T2	Tremie12	2012	2	150	150	2	F1	0,614	2
T2	Tremie12	2012	2	150	150	2	F2	0,525	4
T2	Tremie12	2012	2	150	150	2	F3	0,921	3
T2	Tremie12	2012	2	150	150	2	F4	0,338	2
T2	Tremie12	2012	2	150	150	3	F1	0,915	8
T2	Tremie12	2012	2	150	150	3	F2	0,325	16
T2	Tremie12	2012	2	150	150	3	F3	0,447	3
T2	Tremie12	2012	2	150	150	3	F4	0,722	2
T2	Tremie12	2012	2	150	150	4	F1	0,794	2
T2	Tremie12	2012	2	150	150	4	F2	0,264	4
T2	Tremie12	2012	2	150	150	4	F3	0,284	3
T2	Tremie12	2012	2	150	150	4	F4	0,302	2
T2	Tremie12	2012	2	150	150	5	F1	0,854	8
T2	Tremie12	2012	2	150	150	5	F2	0,966	4
T2	Tremie12	2012	2	150	150	5	F3	0,575	3
T2	Tremie12	2012	2	150	150	5	F4	0,66	2
T2	Tremie12	2012	2	150	150	6	F1	0,263	8
T2	Tremie12	2012	2	150	150	6	F2	0,313	16
T2	Tremie12	2012	2	150	150	6	F3	0,897	3
T2	Tremie12	2012	2	150	150	6	F4	0,419	2
T2	Tremie12	2012	2	150	150	7	F1	0,322	8
T2	Tremie12	2012	2	150	150	7	F2	0,748	4
T2	Tremie12	2012	2	150	150	7	F3	0,505	3
T2	Tremie12	2012	2	150	150	7	F4	0,674	2
T2	Tremie12	2012	2	150	150	8	F1	0,854	2
T2	Tremie12	2012	2	150	150	8	F2	0,355	16
T2	Tremie12	2012	2	150	150	8	F3	0,461	3
T2	Tremie12	2012	2	150	150	9	F1	0,332	8
T2	Tremie12	2012	2	150	150	9	F2	0,405	16
T2	Tremie12	2012	2	150	150	9	F3	0,263	12
T2	Tremie12	2012	2	150	150	9	F4	0,164	2
T2	Tremie12	2012	2	150	150	10	F1	0,822	2
T2	Tremie12	2012	2	150	150	10	F2	0,725	4
T2	Tremie12	2012	2	150	150	10	F3	0,238	3
T2	Tremie12	2012	2	150	150	10	F4	0,622	2
T2	Tremie12	2012	1	200	150	1	F1	0,268	10
T2	Tremie12	2012	1	200	150	1	F2	0,21	10
T2	Tremie12	2012	1	200	150	1	F3	0,214	5
T2	Tremie12	2012	1	200	150	2	F1	0,639	10
T2	Tremie12	2012	1	200	150	2	F2	0,921	10
T2	Tremie12	2012	1	200	150	2	F3	0,64	5
T2	Tremie12	2012	1	200	150	2	F4	0,351	3
T2	Tremie12	2012	1	200	150	3	F1	0,848	20
T2	Tremie12	2012	1	200	150	3	F2	0,342	20
T2	Tremie12	2012	1	200	150	3	F3	0,501	5
T2	Tremie12	2012	1	200	150	3	F4	0,276	3
T2	Tremie12	2012	1	200	150	4	F1	0,508	10
T2	Tremie12	2012	1	200	150	4	F2	0,569	20
T2	Tremie12	2012	1	200	150	4	F3	0,596	5
T2	Tremie12	2012	1	200	150	4	F4	0,802	3
T2	Tremie12	2012	1	200	150	5	F1	0,537	10
T2	Tremie12	2012	1	200	150	5	F2	0,821	20
T2	Tremie12	2012	1	200	150	5	F3	0,662	10
T2	Tremie12	2012	1	200	150	5	F4	0,444	3
T2	Tremie12	2012	1	200	150	6	F1	0,485	10
T2	Tremie12	2012	1	200	150	6	F2	0,927	20
T2	Tremie12	2012	1	200	150	6	F3	0,692	5
T2	Tremie12	2012	1	200	150	6	F4	0,473	3
T2	Tremie12	2012	1	200	150	7	F1	0,596	10
T2	Tremie12	2012	1	200	150	7	F2	0,643	10
T2	Tremie12	2012	1	200	150	7	F3	0,588	5
T2	Tremie12	2012	1	200	150	7	F4	0,328	3
T2	Tremie12	2012	1	200	150	8	F1	0,739	10
T2	Tremie12	2012	1	200	150	8	F2	0,736	10
T2	Tremie12	2012	1	200	150	8	F3	0,498	5
T2	Tremie12	2012	1	200	150	8	F4	0,274	3
T2	Tremie12	2012	1	200	150	9	F1	0,117	10
T2	Tremie12	2012	1	200	150	9	F2	0,747	10
T2	Tremie12	2012	1	200	150	9	F3	0,293	5
T2	Tremie12	2012	1	200	150	10	F1	0,255	10
T2	Tremie12	2012	1	200	150	10	F2	0,399	10
T2	Tremie12	2012	1	200	150	10	F3	0,658	5
T2	Tremie12	2012	1	200	150	10	F4	0,327	3
T2	Tremie12	2012	2	200	150	1	F1	0,322	10
T2	Tremie12	2012	2	200	150	1	F2	0,526	10
T2	Tremie12	2012	2	200	150	1	F3	0,347	5
T2	Tremie12	2012	2	200	150	1	F4	0,672	3
T2	Tremie12	2012	2	200	150	2	F1	0,299	10
T2	Tremie12	2012	2	200	150	2	F2	0,643	10
T2	Tremie12	2012	2	200	150	2	F3	0,546	10
T2	Tremie12	2012	2	200	150	2	F4	0,496	3
T2	Tremie12	2012	2	200	150	3	F1	0,2	10
T2	Tremie12	2012	2	200	150	3	F2	0,522	10
T2	Tremie12	2012	2	200	150	3	F3	0,556	5
T2	Tremie12	2012	2	200	150	3	F4	0,614	6
T2	Tremie12	2012	2	200	150	4	F1	0,35	10
T2	Tremie12	2012	2	200	150	4	F2	0,758	10
T2	Tremie12	2012	2	200	150	4	F3	0,728	10
T2	Tremie12	2012	2	200	150	4	F4	0,858	3
T2	Tremie12	2012	2	200	150	5	F1	0,969	10
T2	Tremie12	2012	2	200	150	5	F2	0,803	20
T2	Tremie12	2012	2	200	150	5	F3	0,613	10
T2	Tremie12	2012	2	200	150	5	F4	0,47	3
T2	Tremie12	2012	2	200	150	6	F1	0,484	10
T2	Tremie12	2012	2	200	150	6	F2	0,452	10
T2	Tremie12	2012	2	200	150	6	F3	0,259	5
T2	Tremie12	2012	2	200	150	6	F4	0,474	3
T2	Tremie12	2012	2	200	150	7	F1	0,427	10
T2	Tremie12	2012	2	200	150	7	F2	0,519	20
T2	Tremie12	2012	2	200	150	7	F3	0,634	10
T2	Tremie12	2012	2	200	150	7	F4	0,558	3
T2	Tremie12	2012	2	200	150	8	F1	0,674	10
T2	Tremie12	2012	2	200	150	8	F2	0,498	20
T2	Tremie12	2012	2	200	150	8	F3	0,847	5
T2	Tremie12	2012	2	200	150	8	F4	0,578	6
T2	Tremie12	2012	2	200	150	9	F1	0,371	10
T2	Tremie12	2012	2	200	150	9	F2	0,541	10
T2	Tremie12	2012	2	200	150	9	F3	0,355	5
T2	Tremie12	2012	2	200	150	9	F4	0,402	3
T2	Tremie12	2012	2	200	150	10	F1	0,426	10
T2	Tremie12	2012	2	200	150	10	F2	0,848	10
T2	Tremie12	2012	2	200	150	10	F3	0,668	5
T2	Tremie12	2012	2	200	150	10	F4	0,316	3
T1	Tremie13	2013	1	40	150	1	F1	0,22	1
T1	Tremie13	2013	1	40	150	1	F2	0,359	1
T1	Tremie13	2013	1	40	150	1	F3	0,78	1
T1	Tremie13	2013	1	40	150	1	F4	0,649	1
T1	Tremie13	2013	1	40	150	2	F1	0,2	1
T1	Tremie13	2013	1	40	150	2	F2	0,259	1
T1	Tremie13	2013	1	40	150	2	F3	0,448	1
T1	Tremie13	2013	1	40	150	2	F4	0,504	1
T1	Tremie13	2013	1	40	150	3	F1	0,547	1
T1	Tremie13	2013	1	40	150	3	F2	0,323	1
T1	Tremie13	2013	1	40	150	3	F3	0,912	1
T1	Tremie13	2013	1	40	150	3	F4	0,436	1
T1	Tremie13	2013	1	40	150	4	F1	0,108	1
T1	Tremie13	2013	1	40	150	4	F2	0,368	1
T1	Tremie13	2013	1	40	150	4	F3	0,375	1
T1	Tremie13	2013	1	40	150	4	F4	0,46	1
T1	Tremie13	2013	1	40	150	5	F1	0,096	1
T1	Tremie13	2013	1	40	150	5	F2	0,338	1
T1	Tremie13	2013	1	40	150	5	F3	0,13	1
T1	Tremie13	2013	1	40	150	5	F4	0,138	1
T1	Tremie13	2013	1	40	150	6	F1	0,485	1
T1	Tremie13	2013	1	40	150	6	F2	0,967	1
T1	Tremie13	2013	1	40	150	6	F3	0,558	1
T1	Tremie13	2013	1	40	150	6	F4	0,502	1
T1	Tremie13	2013	1	40	150	7	F1	0,115	1
T1	Tremie13	2013	1	40	150	7	F2	0,258	1
T1	Tremie13	2013	1	40	150	7	F3	0,333	1
T1	Tremie13	2013	1	40	150	7	F4	0,317	1
T1	Tremie13	2013	1	40	150	8	F1	0,139	1
T1	Tremie13	2013	1	40	150	8	F2	0,402	1
T1	Tremie13	2013	1	40	150	8	F3	0,552	1
T1	Tremie13	2013	1	40	150	8	F4	0,348	1
T1	Tremie13	2013	1	40	150	9	F1	0,073	1
T1	Tremie13	2013	1	40	150	9	F2	0,426	1
T1	Tremie13	2013	1	40	150	9	F3	0,95	1
T1	Tremie13	2013	1	40	150	9	F4	0,624	1
T1	Tremie13	2013	1	40	150	10	F1	0,523	4
T1	Tremie13	2013	1	40	150	10	F2	0,459	2
T1	Tremie13	2013	1	40	150	10	F3	0,536	1
T1	Tremie13	2013	1	40	150	10	F4	0,575	1
T1	Tremie13	2013	2	40	150	1	F1	0,094	1
T1	Tremie13	2013	2	40	150	1	F2	0,449	1
T1	Tremie13	2013	2	40	150	1	F3	0,566	1
T1	Tremie13	2013	2	40	150	1	F4	0,684	2
T1	Tremie13	2013	2	40	150	2	F1	0,044	1
T1	Tremie13	2013	2	40	150	2	F2	0,531	1
T1	Tremie13	2013	2	40	150	2	F3	0,438	1
T1	Tremie13	2013	2	40	150	2	F4	0,517	1
T1	Tremie13	2013	2	40	150	3	F1	0,057	1
T1	Tremie13	2013	2	40	150	3	F2	0,286	1
T1	Tremie13	2013	2	40	150	3	F3	0,081	1
T1	Tremie13	2013	2	40	150	3	F4	0,17	1
T1	Tremie13	2013	2	40	150	4	F1	0,093	1
T1	Tremie13	2013	2	40	150	4	F2	0,165	1
T1	Tremie13	2013	2	40	150	4	F3	0,115	1
T1	Tremie13	2013	2	40	150	4	F4	0,165	1
T1	Tremie13	2013	2	40	150	5	F1	0,535	1
T1	Tremie13	2013	2	40	150	5	F2	0,664	1
T1	Tremie13	2013	2	40	150	5	F3	0,631	1
T1	Tremie13	2013	2	40	150	5	F4	0,781	1
T1	Tremie13	2013	2	40	150	6	F1	0,061	1
T1	Tremie13	2013	2	40	150	6	F2	0,653	1
T1	Tremie13	2013	2	40	150	6	F3	0,494	2
T1	Tremie13	2013	2	40	150	6	F4	0,528	2
T1	Tremie13	2013	2	40	150	7	F1	0,178	1
T1	Tremie13	2013	2	40	150	7	F2	0,37	1
T1	Tremie13	2013	2	40	150	7	F3	0,515	1
T1	Tremie13	2013	2	40	150	7	F4	0,907	1
T1	Tremie13	2013	2	40	150	8	F1	0,204	1
T1	Tremie13	2013	2	40	150	8	F2	0,464	1
T1	Tremie13	2013	2	40	150	8	F3	0,524	1
T1	Tremie13	2013	2	40	150	8	F4	0,625	1
T1	Tremie13	2013	2	40	150	9	F1	0,334	1
T1	Tremie13	2013	2	40	150	9	F2	0,45	1
T1	Tremie13	2013	2	40	150	9	F3	0,385	1
T1	Tremie13	2013	2	40	150	9	F4	0,856	1
T1	Tremie13	2013	2	40	150	10	F1	0,111	1
T1	Tremie13	2013	2	40	150	10	F2	0,282	1
T1	Tremie13	2013	2	40	150	10	F3	0,546	1
T1	Tremie13	2013	2	40	150	10	F4	0,494	1
T1	Tremie13	2013	1	80	150	1	F1	0,179	1
T1	Tremie13	2013	1	80	150	1	F2	0,273	1
T1	Tremie13	2013	1	80	150	1	F3	0,543	1
T1	Tremie13	2013	1	80	150	1	F4	0,653	1
T1	Tremie13	2013	1	80	150	2	F1	0,056	1
T1	Tremie13	2013	1	80	150	2	F2	0,148	1
T1	Tremie13	2013	1	80	150	2	F3	0,274	1
T1	Tremie13	2013	1	80	150	2	F4	0,276	1
T1	Tremie13	2013	1	80	150	3	F1	0,215	1
T1	Tremie13	2013	1	80	150	3	F2	0,195	1
T1	Tremie13	2013	1	80	150	3	F3	0,517	1
T1	Tremie13	2013	1	80	150	3	F4	0,886	2
T1	Tremie13	2013	1	80	150	4	F1	0,15	1
T1	Tremie13	2013	1	80	150	4	F2	0,264	1
T1	Tremie13	2013	1	80	150	4	F3	0,829	1
T1	Tremie13	2013	1	80	150	4	F4	0,737	1
T1	Tremie13	2013	1	80	150	5	F1	0,837	1
T1	Tremie13	2013	1	80	150	5	F2	0,968	1
T1	Tremie13	2013	1	80	150	5	F3	0,941	1
T1	Tremie13	2013	1	80	150	5	F4	0,821	1
T1	Tremie13	2013	1	80	150	6	F1	0,463	1
T1	Tremie13	2013	1	80	150	6	F2	0,99	1
T1	Tremie13	2013	1	80	150	6	F3	0,785	1
T1	Tremie13	2013	1	80	150	6	F4	0,805	1
T1	Tremie13	2013	1	80	150	7	F1	0,114	1
T1	Tremie13	2013	1	80	150	7	F2	0,193	1
T1	Tremie13	2013	1	80	150	7	F3	0,664	1
T1	Tremie13	2013	1	80	150	7	F4	0,636	1
T1	Tremie13	2013	1	80	150	8	F1	0,798	1
T1	Tremie13	2013	1	80	150	8	F2	0,541	1
T1	Tremie13	2013	1	80	150	8	F3	0,644	2
T1	Tremie13	2013	1	80	150	8	F4	0,443	1
T1	Tremie13	2013	1	80	150	9	F1	0,262	1
T1	Tremie13	2013	1	80	150	9	F2	0,404	1
T1	Tremie13	2013	1	80	150	9	F3	0,862	2
T1	Tremie13	2013	1	80	150	9	F4	0,979	1
T1	Tremie13	2013	1	80	150	10	F1	0,056	1
T1	Tremie13	2013	1	80	150	10	F2	0,136	1
T1	Tremie13	2013	1	80	150	10	F3	0,345	1
T1	Tremie13	2013	1	80	150	10	F4	0,878	1
T1	Tremie13	2013	2	80	150	1	F1	0,344	1
T1	Tremie13	2013	2	80	150	1	F2	0,537	2
T1	Tremie13	2013	2	80	150	1	F3	0,54	2
T1	Tremie13	2013	2	80	150	1	F4	0,592	2
T1	Tremie13	2013	2	80	150	2	F1	0,292	1
T1	Tremie13	2013	2	80	150	2	F2	0,874	1
T1	Tremie13	2013	2	80	150	2	F3	0,591	1
T1	Tremie13	2013	2	80	150	2	F4	0,921	2
T1	Tremie13	2013	2	80	150	3	F1	0,381	1
T1	Tremie13	2013	2	80	150	3	F2	0,843	1
T1	Tremie13	2013	2	80	150	3	F3	0,629	1
T1	Tremie13	2013	2	80	150	3	F4	0,519	2
T1	Tremie13	2013	2	80	150	4	F1	0,114	1
T1	Tremie13	2013	2	80	150	4	F2	0,466	1
T1	Tremie13	2013	2	80	150	4	F3	0,256	1
T1	Tremie13	2013	2	80	150	4	F4	0,332	1
T1	Tremie13	2013	2	80	150	5	F1	0,012	1
T1	Tremie13	2013	2	80	150	5	F2	0,266	1
T1	Tremie13	2013	2	80	150	5	F3	0,507	1
T1	Tremie13	2013	2	80	150	5	F4	0,319	1
T1	Tremie13	2013	2	80	150	6	F1	0,528	2
T1	Tremie13	2013	2	80	150	6	F2	0,929	2
T1	Tremie13	2013	2	80	150	6	F3	0,996	1
T1	Tremie13	2013	2	80	150	6	F4	0,525	2
T1	Tremie13	2013	2	80	150	7	F1	0,746	1
T1	Tremie13	2013	2	80	150	7	F2	0,713	1
T1	Tremie13	2013	2	80	150	7	F3	0,932	1
T1	Tremie13	2013	2	80	150	7	F4	0,561	2
T1	Tremie13	2013	2	80	150	8	F1	0,268	1
T1	Tremie13	2013	2	80	150	8	F2	0,554	1
T1	Tremie13	2013	2	80	150	8	F3	0,812	1
T1	Tremie13	2013	2	80	150	8	F4	0,71	2
T1	Tremie13	2013	2	80	150	9	F1	0,713	1
T1	Tremie13	2013	2	80	150	9	F2	0,697	2
T1	Tremie13	2013	2	80	150	9	F3	0,861	2
T1	Tremie13	2013	2	80	150	9	F4	0,783	2
T1	Tremie13	2013	2	80	150	10	F1	0,25	1
T1	Tremie13	2013	2	80	150	10	F2	0,428	1
T1	Tremie13	2013	2	80	150	10	F3	0,66	2
T1	Tremie13	2013	2	80	150	10	F4	0,696	2
T1	Tremie13	2013	1	150	150	1	F1	0,537	1
T1	Tremie13	2013	1	150	150	1	F2	0,593	2
T1	Tremie13	2013	1	150	150	1	F3	0,72	2
T1	Tremie13	2013	1	150	150	1	F4	0,904	4
T1	Tremie13	2013	1	150	150	2	F1	0,077	1
T1	Tremie13	2013	1	150	150	2	F2	0,711	2
T1	Tremie13	2013	1	150	150	2	F3	0,156	2
T1	Tremie13	2013	1	150	150	2	F4	0,319	2
T1	Tremie13	2013	1	150	150	3	F1	0,108	1
T1	Tremie13	2013	1	150	150	3	F2	0,312	2
T1	Tremie13	2013	1	150	150	3	F3	0,627	2
T1	Tremie13	2013	1	150	150	3	F4	0,335	2
T1	Tremie13	2013	1	150	150	4	F1	0,989	1
T1	Tremie13	2013	1	150	150	4	F2	0,41	2
T1	Tremie13	2013	1	150	150	4	F3	0,78	4
T1	Tremie13	2013	1	150	150	4	F4	0,98	2
T1	Tremie13	2013	1	150	150	5	F1	0,491	1
T1	Tremie13	2013	1	150	150	5	F2	0,234	2
T1	Tremie13	2013	1	150	150	5	F3	0,559	4
T1	Tremie13	2013	1	150	150	5	F4	0,487	4
T1	Tremie13	2013	1	150	150	6	F1	0,102	1
T1	Tremie13	2013	1	150	150	6	F2	0,325	2
T1	Tremie13	2013	1	150	150	6	F3	0,909	2
T1	Tremie13	2013	1	150	150	6	F4	0,516	4
T1	Tremie13	2013	1	150	150	7	F1	0,97	1
T1	Tremie13	2013	1	150	150	7	F2	0,721	2
T1	Tremie13	2013	1	150	150	7	F3	0,893	2
T1	Tremie13	2013	1	150	150	7	F4	0,516	2
T1	Tremie13	2013	1	150	150	8	F1	0,51	1
T1	Tremie13	2013	1	150	150	8	F2	0,544	2
T1	Tremie13	2013	1	150	150	8	F3	0,608	4
T1	Tremie13	2013	1	150	150	8	F4	0,74	4
T1	Tremie13	2013	1	150	150	9	F1	0,445	4
T1	Tremie13	2013	1	150	150	9	F2	0,657	4
T1	Tremie13	2013	1	150	150	9	F4	0,801	4
T1	Tremie13	2013	1	150	150	10	F1	0,349	1
T1	Tremie13	2013	1	150	150	10	F2	0,49	4
T1	Tremie13	2013	1	150	150	10	F3	0,671	2
T1	Tremie13	2013	1	150	150	10	F4	0,549	2
T1	Tremie13	2013	2	150	150	1	F1	0,278	1
T1	Tremie13	2013	2	150	150	1	F2	0,324	2
T1	Tremie13	2013	2	150	150	1	F3	0,422	2
T1	Tremie13	2013	2	150	150	1	F4	0,411	2
T1	Tremie13	2013	2	150	150	2	F1	0,16	1
T1	Tremie13	2013	2	150	150	2	F2	0,321	2
T1	Tremie13	2013	2	150	150	2	F3	0,434	2
T1	Tremie13	2013	2	150	150	2	F4	0,382	2
T1	Tremie13	2013	2	150	150	3	F1	0,607	1
T1	Tremie13	2013	2	150	150	3	F2	0,334	2
T1	Tremie13	2013	2	150	150	3	F3	0,558	2
T1	Tremie13	2013	2	150	150	3	F4	0,513	4
T1	Tremie13	2013	2	150	150	4	F1	0,862	1
T1	Tremie13	2013	2	150	150	4	F2	0,257	2
T1	Tremie13	2013	2	150	150	4	F3	0,276	2
T1	Tremie13	2013	2	150	150	4	F4	0,506	2
T1	Tremie13	2013	2	150	150	5	F1	0,898	1
T1	Tremie13	2013	2	150	150	5	F2	0,675	2
T1	Tremie13	2013	2	150	150	5	F3	0,529	2
T1	Tremie13	2013	2	150	150	5	F4	0,459	2
T1	Tremie13	2013	2	150	150	6	F1	0,208	1
T1	Tremie13	2013	2	150	150	6	F2	0,523	2
T1	Tremie13	2013	2	150	150	6	F3	0,517	2
T1	Tremie13	2013	2	150	150	6	F4	0,448	2
T1	Tremie13	2013	2	150	150	7	F1	0,28	1
T1	Tremie13	2013	2	150	150	7	F2	0,282	2
T1	Tremie13	2013	2	150	150	7	F3	0,405	2
T1	Tremie13	2013	2	150	150	7	F4	0,672	2
T1	Tremie13	2013	2	150	150	8	F1	0,912	1
T1	Tremie13	2013	2	150	150	8	F2	1,004	4
T1	Tremie13	2013	2	150	150	8	F3	0,712	4
T1	Tremie13	2013	2	150	150	8	F4	0,829	2
T1	Tremie13	2013	2	150	150	9	F1	0,809	1
T1	Tremie13	2013	2	150	150	9	F2	0,849	5
T1	Tremie13	2013	2	150	150	9	F3	0,844	2
T1	Tremie13	2013	2	150	150	9	F4	0,56	4
T1	Tremie13	2013	2	150	150	10	F1	0,249	4
T1	Tremie13	2013	2	150	150	10	F2	0,662	4
T1	Tremie13	2013	2	150	150	10	F3	0,742	4
T1	Tremie13	2013	2	150	150	10	F4	0,482	4
T1	Tremie13	2013	1	200	150	1	F1	0,279	1
T1	Tremie13	2013	1	200	150	1	F2	0,366	2
T1	Tremie13	2013	1	200	150	1	F3	0,395	2
T1	Tremie13	2013	1	200	150	1	F4	0,669	2
T1	Tremie13	2013	1	200	150	2	F1	0,541	1
T1	Tremie13	2013	1	200	150	2	F2	0,808	2
T1	Tremie13	2013	1	200	150	2	F3	0,53	2
T1	Tremie13	2013	1	200	150	2	F4	0,331	2
T1	Tremie13	2013	1	200	150	3	F1	0,501	1
T1	Tremie13	2013	1	200	150	3	F2	0,453	2
T1	Tremie13	2013	1	200	150	3	F3	0,575	2
T1	Tremie13	2013	1	200	150	3	F4	0,508	4
T1	Tremie13	2013	1	200	150	4	F1	0,287	1
T1	Tremie13	2013	1	200	150	4	F2	0,291	2
T1	Tremie13	2013	1	200	150	4	F3	0,22	2
T1	Tremie13	2013	1	200	150	4	F4	0,613	2
T1	Tremie13	2013	1	200	150	5	F1	0,348	1
T1	Tremie13	2013	1	200	150	5	F2	0,534	2
T1	Tremie13	2013	1	200	150	5	F3	0,615	4
T1	Tremie13	2013	1	200	150	5	F4	0,607	4
T1	Tremie13	2013	1	200	150	6	F1	0,395	1
T1	Tremie13	2013	1	200	150	6	F2	0,826	2
T1	Tremie13	2013	1	200	150	6	F3	0,953	2
T1	Tremie13	2013	1	200	150	6	F4	0,538	4
T1	Tremie13	2013	1	200	150	7	F1	0,307	4
T1	Tremie13	2013	1	200	150	7	F2	0,733	2
T1	Tremie13	2013	1	200	150	7	F3	0,963	2
T1	Tremie13	2013	1	200	150	7	F4	0,536	4
T1	Tremie13	2013	1	200	150	8	F1	0,429	1
T1	Tremie13	2013	1	200	150	8	F2	0,343	2
T1	Tremie13	2013	1	200	150	8	F3	0,927	2
T1	Tremie13	2013	1	200	150	8	F4	0,599	4
T1	Tremie13	2013	1	200	150	9	F1	0,585	1
T1	Tremie13	2013	1	200	150	9	F2	0,518	4
T1	Tremie13	2013	1	200	150	9	F3	0,756	2
T1	Tremie13	2013	1	200	150	9	F4	0,394	2
T1	Tremie13	2013	1	200	150	10	F1	0,444	4
T1	Tremie13	2013	1	200	150	10	F2	0,643	4
T1	Tremie13	2013	1	200	150	10	F3	0,743	4
T1	Tremie13	2013	1	200	150	10	F4	0,643	4
T1	Tremie13	2013	2	200	150	1	F1	0,126	2
T1	Tremie13	2013	2	200	150	1	F2	0,328	2
T1	Tremie13	2013	2	200	150	1	F3	0,916	2
T1	Tremie13	2013	2	200	150	1	F4	0,574	2
T1	Tremie13	2013	2	200	150	2	F1	0,379	1
T1	Tremie13	2013	2	200	150	2	F2	0,371	2
T1	Tremie13	2013	2	200	150	2	F3	0,251	4
T1	Tremie13	2013	2	200	150	2	F4	0,118	5
T1	Tremie13	2013	2	200	150	3	F1	0,774	1
T1	Tremie13	2013	2	200	150	3	F2	0,389	2
T1	Tremie13	2013	2	200	150	3	F3	0,942	2
T1	Tremie13	2013	2	200	150	3	F4	0,457	2
T1	Tremie13	2013	2	200	150	4	F1	0,346	1
T1	Tremie13	2013	2	200	150	4	F2	0,694	2
T1	Tremie13	2013	2	200	150	4	F3	0,484	2
T1	Tremie13	2013	2	200	150	4	F4	0,247	5
T1	Tremie13	2013	2	200	150	5	F1	0,301	1
T1	Tremie13	2013	2	200	150	5	F2	0,773	2
T1	Tremie13	2013	2	200	150	5	F3	0,612	2
T1	Tremie13	2013	2	200	150	5	F4	0,61	4
T1	Tremie13	2013	2	200	150	6	F1	0,756	1
T1	Tremie13	2013	2	200	150	6	F2	0,402	4
T1	Tremie13	2013	2	200	150	6	F3	0,898	2
T1	Tremie13	2013	2	200	150	6	F4	0,93	2
T1	Tremie13	2013	2	200	150	7	F1	0,317	4
T1	Tremie13	2013	2	200	150	7	F2	0,375	4
T1	Tremie13	2013	2	200	150	7	F3	0,363	5
T1	Tremie13	2013	2	200	150	7	F4	0,63	2
T1	Tremie13	2013	2	200	150	8	F1	0,97	1
T1	Tremie13	2013	2	200	150	8	F2	0,836	2
T1	Tremie13	2013	2	200	150	8	F3	0,911	2
T1	Tremie13	2013	2	200	150	8	F4	0,933	2
T1	Tremie13	2013	2	200	150	9	F1	0,097	5
T1	Tremie13	2013	2	200	150	9	F2	0,546	4
T1	Tremie13	2013	2	200	150	9	F3	0,288	5
T1	Tremie13	2013	2	200	150	9	F4	0,776	2
T1	Tremie13	2013	2	200	150	10	F1	0,882	1
T1	Tremie13	2013	2	200	150	10	F2	0,513	5
T1	Tremie13	2013	2	200	150	10	F3	0,751	2
T1	Tremie13	2013	2	200	150	10	F4	0,594	2
T2	Tremie13	2013	1	40	150	1	F1	0,238	2
T2	Tremie13	2013	1	40	150	1	F2	0,905	2
T2	Tremie13	2013	1	40	150	1	F3	0,795	2
T2	Tremie13	2013	1	40	150	1	F4	0,315	1
T2	Tremie13	2013	1	40	150	2	F1	0,267	2
T2	Tremie13	2013	1	40	150	2	F2	0,658	2
T2	Tremie13	2013	1	40	150	2	F3	0,182	2
T2	Tremie13	2013	1	40	150	2	F4	0,13	1
T2	Tremie13	2013	1	40	150	3	F1	0,294	2
T2	Tremie13	2013	1	40	150	3	F2	0,563	4
T2	Tremie13	2013	1	40	150	3	F3	0,251	2
T2	Tremie13	2013	1	40	150	3	F4	0,187	1
T2	Tremie13	2013	1	40	150	4	F1	0,069	2
T2	Tremie13	2013	1	40	150	4	F2	0,461	2
T2	Tremie13	2013	1	40	150	4	F3	0,025	2
T2	Tremie13	2013	1	40	150	4	F4	0,2	1
T2	Tremie13	2013	1	40	150	5	F1	0,475	2
T2	Tremie13	2013	1	40	150	5	F2	0,316	2
T2	Tremie13	2013	1	40	150	5	F3	0,104	2
T2	Tremie13	2013	1	40	150	5	F4	0,22	1
T2	Tremie13	2013	1	40	150	6	F1	0,397	2
T2	Tremie13	2013	1	40	150	6	F2	0,596	4
T2	Tremie13	2013	1	40	150	6	F3	0,268	2
T2	Tremie13	2013	1	40	150	6	F4	0,496	1
T2	Tremie13	2013	1	40	150	7	F1	0,552	2
T2	Tremie13	2013	1	40	150	7	F2	0,409	2
T2	Tremie13	2013	1	40	150	7	F3	0,056	2
T2	Tremie13	2013	1	40	150	7	F4	0,09	1
T2	Tremie13	2013	1	40	150	8	F1	0,234	2
T2	Tremie13	2013	1	40	150	8	F2	0,562	2
T2	Tremie13	2013	1	40	150	8	F3	0,2	2
T2	Tremie13	2013	1	40	150	8	F4	0,282	1
T2	Tremie13	2013	1	40	150	9	F1	0,151	2
T2	Tremie13	2013	1	40	150	9	F2	0,402	2
T2	Tremie13	2013	1	40	150	9	F3	0,245	2
T2	Tremie13	2013	1	40	150	9	F4	0,323	1
T2	Tremie13	2013	1	40	150	10	F1	0,364	2
T2	Tremie13	2013	1	40	150	10	F2	0,449	2
T2	Tremie13	2013	1	40	150	10	F3	0,064	2
T2	Tremie13	2013	1	40	150	10	F4	0,941	1
T2	Tremie13	2013	2	40	150	1	F1	0,994	1
T2	Tremie13	2013	2	40	150	1	F2	0,556	1
T2	Tremie13	2013	2	40	150	1	F3	0,711	1
T2	Tremie13	2013	2	40	150	1	F4	0,262	1
T2	Tremie13	2013	2	40	150	2	F1	0,372	2
T2	Tremie13	2013	2	40	150	2	F2	0,564	2
T2	Tremie13	2013	2	40	150	2	F3	0,21	2
T2	Tremie13	2013	2	40	150	2	F4	0,106	2
T2	Tremie13	2013	2	40	150	3	F1	0,865	2
T2	Tremie13	2013	2	40	150	3	F2	1,025	2
T2	Tremie13	2013	2	40	150	3	F3	0,224	2
T2	Tremie13	2013	2	40	150	3	F4	0,15	2
T2	Tremie13	2013	2	40	150	4	F1	0,316	2
T2	Tremie13	2013	2	40	150	4	F2	0,674	2
T2	Tremie13	2013	2	40	150	4	F3	0,147	2
T2	Tremie13	2013	2	40	150	4	F4	0,137	2
T2	Tremie13	2013	2	40	150	5	F1	0,152	2
T2	Tremie13	2013	2	40	150	5	F2	0,551	2
T2	Tremie13	2013	2	40	150	5	F3	0,319	2
T2	Tremie13	2013	2	40	150	5	F4	0,124	2
T2	Tremie13	2013	2	40	150	6	F1	0,341	2
T2	Tremie13	2013	2	40	150	6	F2	0,357	2
T2	Tremie13	2013	2	40	150	6	F3	0,316	2
T2	Tremie13	2013	2	40	150	6	F4	0,21	1
T2	Tremie13	2013	2	40	150	7	F1	0,253	2
T2	Tremie13	2013	2	40	150	7	F2	0,531	2
T2	Tremie13	2013	2	40	150	7	F3	0,578	2
T2	Tremie13	2013	2	40	150	7	F4	0,42	1
T2	Tremie13	2013	2	40	150	8	F1	0,302	2
T2	Tremie13	2013	2	40	150	8	F2	0,943	2
T2	Tremie13	2013	2	40	150	8	F3	0,295	2
T2	Tremie13	2013	2	40	150	8	F4	0,371	1
T2	Tremie13	2013	2	40	150	9	F1	0,268	2
T2	Tremie13	2013	2	40	150	9	F2	0,659	2
T2	Tremie13	2013	2	40	150	9	F3	0,188	2
T2	Tremie13	2013	2	40	150	9	F4	0,319	1
T2	Tremie13	2013	2	40	150	10	F1	0,521	2
T2	Tremie13	2013	2	40	150	10	F2	0,906	2
T2	Tremie13	2013	2	40	150	10	F3	0,487	2
T2	Tremie13	2013	2	40	150	10	F4	0,287	1
T2	Tremie13	2013	1	80	150	1	F1	0,61	4
T2	Tremie13	2013	1	80	150	1	F2	0,374	4
T2	Tremie13	2013	1	80	150	1	F3	0,031	4
T2	Tremie13	2013	1	80	150	1	F4	0,194	1
T2	Tremie13	2013	1	80	150	2	F1	0,257	4
T2	Tremie13	2013	1	80	150	2	F2	0,29	4
T2	Tremie13	2013	1	80	150	2	F3	0,189	4
T2	Tremie13	2013	1	80	150	2	F4	0,107	4
T2	Tremie13	2013	1	80	150	3	F1	0,049	4
T2	Tremie13	2013	1	80	150	3	F2	0,357	4
T2	Tremie13	2013	1	80	150	3	F3	0,201	4
T2	Tremie13	2013	1	80	150	3	F4	0,093	1
T2	Tremie13	2013	1	80	150	4	F1	0,106	4
T2	Tremie13	2013	1	80	150	4	F2	0,74	4
T2	Tremie13	2013	1	80	150	4	F3	0,111	4
T2	Tremie13	2013	1	80	150	4	F4	0,215	1
T2	Tremie13	2013	1	80	150	5	F1	0,085	4
T2	Tremie13	2013	1	80	150	5	F2	0,909	4
T2	Tremie13	2013	1	80	150	5	F3	0,522	4
T2	Tremie13	2013	1	80	150	5	F4	0,078	4
T2	Tremie13	2013	1	80	150	6	F1	0,274	4
T2	Tremie13	2013	1	80	150	6	F2	0,17	4
T2	Tremie13	2013	1	80	150	6	F3	0,097	4
T2	Tremie13	2013	1	80	150	7	F1	0,981	4
T2	Tremie13	2013	1	80	150	7	F2	1,068	5
T2	Tremie13	2013	1	80	150	7	F3	0,006	4
T2	Tremie13	2013	1	80	150	7	F4	0,114	4
T2	Tremie13	2013	1	80	150	8	F1	0,886	5
T2	Tremie13	2013	1	80	150	8	F2	0,902	5
T2	Tremie13	2013	1	80	150	8	F3	0,057	4
T2	Tremie13	2013	1	80	150	8	F4	0,036	4
T2	Tremie13	2013	1	80	150	9	F2	0,263	4
T2	Tremie13	2013	1	80	150	9	F3	0,069	4
T2	Tremie13	2013	1	80	150	10	F1	0,224	4
T2	Tremie13	2013	1	80	150	10	F2	0,733	4
T2	Tremie13	2013	1	80	150	10	F3	0,206	4
T2	Tremie13	2013	1	80	150	10	F4	0,086	4
T2	Tremie13	2013	2	80	150	1	F1	0,144	4
T2	Tremie13	2013	2	80	150	1	F2	0,278	4
T2	Tremie13	2013	2	80	150	1	F3	0,2	4
T2	Tremie13	2013	2	80	150	1	F4	0,143	1
T2	Tremie13	2013	2	80	150	2	F1	1,003	4
T2	Tremie13	2013	2	80	150	2	F2	1,023	4
T2	Tremie13	2013	2	80	150	2	F3	0,1	4
T2	Tremie13	2013	2	80	150	2	F4	0,699	1
T2	Tremie13	2013	2	80	150	3	F1	0,11	4
T2	Tremie13	2013	2	80	150	3	F2	0,55	4
T2	Tremie13	2013	2	80	150	3	F3	0,202	4
T2	Tremie13	2013	2	80	150	3	F4	0,249	4
T2	Tremie13	2013	2	80	150	4	F1	0,598	4
T2	Tremie13	2013	2	80	150	4	F2	0,759	4
T2	Tremie13	2013	2	80	150	4	F3	0,928	4
T2	Tremie13	2013	2	80	150	4	F4	0,372	4
T2	Tremie13	2013	2	80	150	5	F1	0,141	4
T2	Tremie13	2013	2	80	150	5	F2	0,824	4
T2	Tremie13	2013	2	80	150	5	F3	0,327	1
T2	Tremie13	2013	2	80	150	5	F4	0,283	1
T2	Tremie13	2013	2	80	150	6	F1	0,159	4
T2	Tremie13	2013	2	80	150	6	F2	0,982	4
T2	Tremie13	2013	2	80	150	6	F3	0,305	4
T2	Tremie13	2013	2	80	150	6	F4	0,091	4
T2	Tremie13	2013	2	80	150	7	F1	0,349	4
T2	Tremie13	2013	2	80	150	7	F2	1,002	6
T2	Tremie13	2013	2	80	150	7	F3	0,483	4
T2	Tremie13	2013	2	80	150	7	F4	0,246	4
T2	Tremie13	2013	2	80	150	8	F1	0,412	4
T2	Tremie13	2013	2	80	150	8	F2	1,072	4
T2	Tremie13	2013	2	80	150	8	F3	0,27	4
T2	Tremie13	2013	2	80	150	8	F4	0,292	1
T2	Tremie13	2013	2	80	150	9	F1	0,897	4
T2	Tremie13	2013	2	80	150	9	F2	0,807	6
T2	Tremie13	2013	2	80	150	9	F3	0,127	4
T2	Tremie13	2013	2	80	150	9	F4	0,131	4
T2	Tremie13	2013	2	80	150	10	F1	0,171	4
T2	Tremie13	2013	2	80	150	10	F2	0,822	4
T2	Tremie13	2013	2	80	150	10	F3	0,387	4
T2	Tremie13	2013	2	80	150	10	F4	0,12	4
T2	Tremie13	2013	1	150	150	1	F1	0,252	6
T2	Tremie13	2013	1	150	150	1	F2	0,436	6
T2	Tremie13	2013	1	150	150	1	F3	0,159	6
T2	Tremie13	2013	1	150	150	1	F4	0,253	2
T2	Tremie13	2013	1	150	150	2	F1	0,266	6
T2	Tremie13	2013	1	150	150	2	F2	1,001	10
T2	Tremie13	2013	1	150	150	2	F3	0,176	6
T2	Tremie13	2013	1	150	150	2	F4	0,541	2
T2	Tremie13	2013	1	150	150	3	F1	0,25	6
T2	Tremie13	2013	1	150	150	3	F2	0,583	6
T2	Tremie13	2013	1	150	150	3	F3	0,252	6
T2	Tremie13	2013	1	150	150	3	F4	0,525	2
T2	Tremie13	2013	1	150	150	4	F1	0,209	6
T2	Tremie13	2013	1	150	150	4	F2	0,961	6
T2	Tremie13	2013	1	150	150	4	F3	0,305	6
T2	Tremie13	2013	1	150	150	4	F4	0,246	2
T2	Tremie13	2013	1	150	150	5	F1	0,253	6
T2	Tremie13	2013	1	150	150	5	F2	0,525	6
T2	Tremie13	2013	1	150	150	5	F3	0,762	8
T2	Tremie13	2013	1	150	150	5	F4	0,224	8
T2	Tremie13	2013	1	150	150	6	F1	0,149	6
T2	Tremie13	2013	1	150	150	6	F2	0,656	6
T2	Tremie13	2013	1	150	150	6	F3	0,296	6
T2	Tremie13	2013	1	150	150	6	F4	0,521	2
T2	Tremie13	2013	1	150	150	7	F1	0,789	6
T2	Tremie13	2013	1	150	150	7	F2	0,751	16
T2	Tremie13	2013	1	150	150	7	F3	0,119	6
T2	Tremie13	2013	1	150	150	7	F4	0,535	2
T2	Tremie13	2013	1	150	150	8	F1	0,086	6
T2	Tremie13	2013	1	150	150	8	F2	0,107	6
T2	Tremie13	2013	1	150	150	8	F3	0,097	6
T2	Tremie13	2013	1	150	150	8	F4	0,441	2
T2	Tremie13	2013	1	150	150	9	F1	0,271	6
T2	Tremie13	2013	1	150	150	9	F2	0,451	6
T2	Tremie13	2013	1	150	150	9	F3	0,331	6
T2	Tremie13	2013	1	150	150	9	F4	0,716	2
T2	Tremie13	2013	1	150	150	10	F1	0,623	6
T2	Tremie13	2013	1	150	150	10	F2	0,912	8
T2	Tremie13	2013	1	150	150	10	F3	0,119	6
T2	Tremie13	2013	1	150	150	10	F4	0,28	2
T2	Tremie13	2013	2	150	150	1	F1	0,132	6
T2	Tremie13	2013	2	150	150	1	F2	0,698	6
T2	Tremie13	2013	2	150	150	1	F3	0,427	6
T2	Tremie13	2013	2	150	150	1	F4	0,577	2
T2	Tremie13	2013	2	150	150	2	F1	0,151	6
T2	Tremie13	2013	2	150	150	2	F2	0,758	6
T2	Tremie13	2013	2	150	150	2	F3	0,316	6
T2	Tremie13	2013	2	150	150	2	F4	0,486	2
T2	Tremie13	2013	2	150	150	3	F1	0,253	6
T2	Tremie13	2013	2	150	150	3	F2	0,889	6
T2	Tremie13	2013	2	150	150	3	F3	0,173	6
T2	Tremie13	2013	2	150	150	3	F4	0,357	2
T2	Tremie13	2013	2	150	150	4	F1	0,134	6
T2	Tremie13	2013	2	150	150	4	F2	0,832	6
T2	Tremie13	2013	2	150	150	4	F3	0,118	6
T2	Tremie13	2013	2	150	150	4	F4	0,323	2
T2	Tremie13	2013	2	150	150	5	F1	0,576	6
T2	Tremie13	2013	2	150	150	5	F2	0,525	6
T2	Tremie13	2013	2	150	150	5	F3	0,224	6
T2	Tremie13	2013	2	150	150	5	F4	0,562	2
T2	Tremie13	2013	2	150	150	6	F1	0,323	6
T2	Tremie13	2013	2	150	150	6	F2	0,849	6
T2	Tremie13	2013	2	150	150	6	F3	0,096	6
T2	Tremie13	2013	2	150	150	6	F4	0,291	2
T2	Tremie13	2013	2	150	150	7	F1	0,092	6
T2	Tremie13	2013	2	150	150	7	F2	0,883	10
T2	Tremie13	2013	2	150	150	7	F3	0,625	6
T2	Tremie13	2013	2	150	150	7	F4	0,494	2
T2	Tremie13	2013	2	150	150	8	F1	0,298	6
T2	Tremie13	2013	2	150	150	8	F2	0,716	6
T2	Tremie13	2013	2	150	150	8	F3	0,175	6
T2	Tremie13	2013	2	150	150	8	F4	0,29	2
T2	Tremie13	2013	2	150	150	9	F1	0,387	6
T2	Tremie13	2013	2	150	150	9	F2	0,782	6
T2	Tremie13	2013	2	150	150	9	F3	0,342	6
T2	Tremie13	2013	2	150	150	9	F4	0,736	2
T2	Tremie13	2013	2	150	150	10	F1	0,08	6
T2	Tremie13	2013	2	150	150	10	F2	0,717	10
T2	Tremie13	2013	2	150	150	10	F3	0,228	6
T2	Tremie13	2013	2	150	150	10	F4	0,457	2
T2	Tremie13	2013	1	200	150	1	F1	0,28	8
T2	Tremie13	2013	1	200	150	1	F2	0,953	10
T2	Tremie13	2013	1	200	150	1	F3	0,31	8
T2	Tremie13	2013	1	200	150	1	F4	0,309	4
T2	Tremie13	2013	1	200	150	2	F1	0,121	8
T2	Tremie13	2013	1	200	150	2	F2	0,545	8
T2	Tremie13	2013	1	200	150	2	F3	0,114	8
T2	Tremie13	2013	1	200	150	2	F4	0,242	4
T2	Tremie13	2013	1	200	150	3	F1	0,292	8
T2	Tremie13	2013	1	200	150	3	F2	0,515	8
T2	Tremie13	2013	1	200	150	3	F3	0,462	8
T2	Tremie13	2013	1	200	150	3	F4	0,358	4
T2	Tremie13	2013	1	200	150	4	F1	0,266	8
T2	Tremie13	2013	1	200	150	4	F2	0,625	8
T2	Tremie13	2013	1	200	150	4	F3	0,186	8
T2	Tremie13	2013	1	200	150	4	F4	0,653	4
T2	Tremie13	2013	1	200	150	5	F1	0,153	8
T2	Tremie13	2013	1	200	150	5	F2	0,368	8
T2	Tremie13	2013	1	200	150	5	F3	0,216	8
T2	Tremie13	2013	1	200	150	5	F4	0,173	4
T2	Tremie13	2013	1	200	150	6	F1	0,152	8
T2	Tremie13	2013	1	200	150	6	F2	0,313	8
T2	Tremie13	2013	1	200	150	6	F3	0,312	8
T2	Tremie13	2013	1	200	150	6	F4	0,482	4
T2	Tremie13	2013	1	200	150	7	F1	0,265	8
T2	Tremie13	2013	1	200	150	7	F2	0,363	8
T2	Tremie13	2013	1	200	150	7	F3	0,031	8
T2	Tremie13	2013	1	200	150	7	F4	0,23	4
T2	Tremie13	2013	1	200	150	8	F1	0,164	8
T2	Tremie13	2013	1	200	150	8	F2	0,901	8
T2	Tremie13	2013	1	200	150	8	F3	0,341	8
T2	Tremie13	2013	1	200	150	8	F4	0,432	4
T2	Tremie13	2013	1	200	150	9	F1	0,226	8
T2	Tremie13	2013	1	200	150	9	F2	0,809	8
T2	Tremie13	2013	1	200	150	9	F3	0,43	8
T2	Tremie13	2013	1	200	150	9	F4	0,416	4
T2	Tremie13	2013	1	200	150	10	F1	0,216	8
T2	Tremie13	2013	1	200	150	10	F2	0,956	8
T2	Tremie13	2013	1	200	150	10	F3	0,299	8
T2	Tremie13	2013	1	200	150	10	F4	0,334	4
T2	Tremie13	2013	2	200	150	1	F1	0,332	8
T2	Tremie13	2013	2	200	150	1	F2	0,711	8
T2	Tremie13	2013	2	200	150	1	F3	0,124	8
T2	Tremie13	2013	2	200	150	1	F4	0,08	4
T2	Tremie13	2013	2	200	150	2	F1	0,371	8
T2	Tremie13	2013	2	200	150	2	F2	0,361	8
T2	Tremie13	2013	2	200	150	2	F3	0,147	8
T2	Tremie13	2013	2	200	150	2	F4	0,066	4
T2	Tremie13	2013	2	200	150	3	F1	0,374	8
T2	Tremie13	2013	2	200	150	3	F2	0,998	8
T2	Tremie13	2013	2	200	150	3	F3	0,111	8
T2	Tremie13	2013	2	200	150	3	F4	0,251	4
T2	Tremie13	2013	2	200	150	4	F1	0,245	8
T2	Tremie13	2013	2	200	150	4	F2	0,891	8
T2	Tremie13	2013	2	200	150	4	F3	0,247	8
T2	Tremie13	2013	2	200	150	4	F4	0,62	4
T2	Tremie13	2013	2	200	150	5	F1	0,373	8
T2	Tremie13	2013	2	200	150	5	F2	0,847	8
T2	Tremie13	2013	2	200	150	5	F3	0,425	8
T2	Tremie13	2013	2	200	150	5	F4	0,472	4
T2	Tremie13	2013	2	200	150	6	F1	0,071	8
T2	Tremie13	2013	2	200	150	6	F2	0,686	8
T2	Tremie13	2013	2	200	150	6	F3	0,169	8
T2	Tremie13	2013	2	200	150	6	F4	0,506	4
T2	Tremie13	2013	2	200	150	7	F1	0,075	8
T2	Tremie13	2013	2	200	150	7	F2	0,21	8
T2	Tremie13	2013	2	200	150	7	F3	0,323	8
T2	Tremie13	2013	2	200	150	7	F4	0,037	4
T2	Tremie13	2013	2	200	150	8	F1	0,094	8
T2	Tremie13	2013	2	200	150	8	F2	0,908	8
T2	Tremie13	2013	2	200	150	8	F3	0,041	8
T2	Tremie13	2013	2	200	150	8	F4	0,156	4
T2	Tremie13	2013	2	200	150	9	F1	0,095	8
T2	Tremie13	2013	2	200	150	9	F2	0,568	8
T2	Tremie13	2013	2	200	150	9	F3	0,529	8
T2	Tremie13	2013	2	200	150	9	F4	0,522	4
T2	Tremie13	2013	2	200	150	10	F1	0,206	8
T2	Tremie13	2013	2	200	150	10	F2	0,691	8
T2	Tremie13	2013	2	200	150	10	F3	0,011	8
T2	Tremie13	2013	2	200	150	10	F4	0,121	4
