operator	date	file	prelevement	blockA	blockB	rep	plant	id_Axe	id	rank	nmax	lmax	wmax	A_bl	A_bl_green	stat	w0.00	w0.05	w0.10	w0.15	w0.20	w0.25	w0.30	w0.35	w0.40	w0.45	w0.50	w0.55	w0.60	w0.65	w0.70	w0.75	w0.80	w0.85	w0.90	w0.95	w1.00
ABICHOU	09-Aug-2012 13:23:33	D:\MyWork\Data_Echap\Manipe_Boigneville20112012\Mesures\Essai_Tremie\MesuresINRA\D2_02.04.2012\scanne_02.04.2012\tremie_02042012_001.tif	02/04/2012	1	NaN	NaN	1	MB	P1-MB-F8	8	NaN	14,8644	0,98229	11,7502	11,5518	1	0	0,083161	0,28394	0,41119	0,49614	0,59162	0,70965	0,82694	0,89839	0,95666	0,96688	0,98396	0,94114	0,97099	0,92808	0,93937	0,93771	0,91393	0,89301	0,82474	0,60404
ABICHOU	09-Aug-2012 13:23:33	D:\MyWork\Data_Echap\Manipe_Boigneville20112012\Mesures\Essai_Tremie\MesuresINRA\D2_02.04.2012\scanne_02.04.2012\tremie_02042012_001.tif	02/04/2012	1	NaN	NaN	1	MB	P1-MB-F9	9	NaN	16,3747	1,2584	16,0139	15,8906	1	0	0,087311	0,28595	0,53695	0,67304	0,75386	0,83132	0,89419	1,0442	1,1646	1,2212	1,2649	1,2558	1,2351	1,232	1,2094	1,1855	1,12	1,098	0,99895	0,77245
ABICHOU	09-Aug-2012 13:23:33	D:\MyWork\Data_Echap\Manipe_Boigneville20112012\Mesures\Essai_Tremie\MesuresINRA\D2_02.04.2012\scanne_02.04.2012\tremie_02042012_001.tif	02/04/2012	1	NaN	NaN	1	MB	P1-MB-F10	10	NaN	19,9636	1,4214	21,8526	21,8507	1	0	0,26606	0,45545	0,63438	0,7739	0,86112	0,94897	1,0711	1,1353	1,2248	1,2719	1,3458	1,385	1,3968	1,4292	1,4134	1,3363	1,2551	1,3409	1,2387	1,0482
ABICHOU	09-Aug-2012 13:23:33	D:\MyWork\Data_Echap\Manipe_Boigneville20112012\Mesures\Essai_Tremie\MesuresINRA\D2_02.04.2012\scanne_02.04.2012\tremie_02042012_001.tif	02/04/2012	1	NaN	NaN	2	MB	P2-MB-F8	8	NaN	12,1395	1,0639	10,9211	10,7957	3	0	0,28793	0,53844	0,64349	0,76415	0,85865	0,92618	1,0085	1,0352	1,0508	1,0664	1,0576	1,0222	1,0358	1,0063	0,99306	0,96089	0,91282	0,87939	0,81426	0,66228
ABICHOU	09-Aug-2012 13:23:33	D:\MyWork\Data_Echap\Manipe_Boigneville20112012\Mesures\Essai_Tremie\MesuresINRA\D2_02.04.2012\scanne_02.04.2012\tremie_02042012_001.tif	02/04/2012	1	NaN	NaN	2	MB	P2-MB-F9	9	NaN	17,0609	1,1685	16,0607	15,9875	1	0	0,26285	0,4518	0,59892	0,72633	0,81431	0,81885	0,968	1,0427	1,1239	1,1653	1,1721	1,155	1,1453	1,0964	1,1171	1,1328	1,0899	1,0534	0,98256	0,70396
ABICHOU	09-Aug-2012 13:23:33	D:\MyWork\Data_Echap\Manipe_Boigneville20112012\Mesures\Essai_Tremie\MesuresINRA\D2_02.04.2012\scanne_02.04.2012\tremie_02042012_001.tif	02/04/2012	1	NaN	NaN	3	MB	P3-MB-F9	9	NaN	16,2568	1,1956	15,7765	15,7528	1	0	0,074999	0,31677	0,51427	0,66579	0,8024	0,91679	1,0043	1,1122	1,1343	1,1924	1,196	1,1995	1,1746	1,1801	1,1562	1,1389	1,0942	1,0674	0,97488	0,794
ABICHOU	09-Aug-2012 13:23:33	D:\MyWork\Data_Echap\Manipe_Boigneville20112012\Mesures\Essai_Tremie\MesuresINRA\D2_02.04.2012\scanne_02.04.2012\tremie_02042012_001.tif	02/04/2012	1	NaN	NaN	3	MB	P3-MB-F10	10	NaN	21,7538	1,3434	23,0635	23,0539	1	0	0,20694	0,46203	0,67027	0,76479	0,84536	0,95846	1,067	1,1636	1,2298	1,2962	1,3343	1,3457	1,3152	1,2902	1,2885	1,2564	1,2331	1,1776	1,1153	0,68043
ABICHOU	09-Aug-2012 13:23:33	D:\MyWork\Data_Echap\Manipe_Boigneville20112012\Mesures\Essai_Tremie\MesuresINRA\D2_02.04.2012\scanne_02.04.2012\tremie_02042012_001.tif	02/04/2012	1	NaN	NaN	4	MB	P4-MB-F8	8	NaN	10,2158	0,92964	7,9606	7,9348	1	0	0,21557	0,42814	0,577	0,65634	0,66301	0,75303	0,84276	0,89318	0,90885	0,92545	0,92163	0,92629	0,93194	0,91295	0,88097	0,8668	0,83866	0,80673	0,74466	0,62999
ABICHOU	09-Aug-2012 13:23:33	D:\MyWork\Data_Echap\Manipe_Boigneville20112012\Mesures\Essai_Tremie\MesuresINRA\D2_02.04.2012\scanne_02.04.2012\tremie_02042012_001.tif	02/04/2012	1	NaN	NaN	4	MB	P4-MB-F9	9	NaN	14,8689	1,0907	13,2143	13,2133	1	0	0,066393	0,31885	0,49235	0,60883	0,71705	0,78863	0,8419	0,93975	1,0172	1,066	1,0762	1,0609	1,0651	1,082	1,0933	1,0707	1,052	1,0138	0,93011	0,71291
ABICHOU	09-Aug-2012 13:23:33	D:\MyWork\Data_Echap\Manipe_Boigneville20112012\Mesures\Essai_Tremie\MesuresINRA\D2_02.04.2012\scanne_02.04.2012\tremie_02042012_001.tif	02/04/2012	1	NaN	NaN	4	MB	P4-MB-F10	10	NaN	20,5783	1,3206	21,2072	21,2048	1	0	0,12593	0,39019	0,5686	0,70507	0,81362	0,92153	1,0529	1,1002	1,1857	1,2444	1,2874	1,3101	1,3071	1,3096	1,2506	1,215	1,1886	1,175	1,0709	0,82056
ABICHOU	09-Aug-2012 13:28:14	D:\MyWork\Data_Echap\Manipe_Boigneville20112012\Mesures\Essai_Tremie\MesuresINRA\D2_02.04.2012\scanne_02.04.2012\tremie_02042012_002.tif	02/04/2012	1	NaN	NaN	5	MB	P5-MB-F8	8	NaN	15,8537	1,3322	15,3386	13,3275	2	0	0,08055	0,24496	0,31354	0,48763	0,61147	0,7165	0,85538	1,0011	1,1395	1,2467	1,3203	1,3452	1,3003	1,2531	1,2555	1,2304	1,1927	1,1648	1,0779	0,72689
ABICHOU	09-Aug-2012 13:28:14	D:\MyWork\Data_Echap\Manipe_Boigneville20112012\Mesures\Essai_Tremie\MesuresINRA\D2_02.04.2012\scanne_02.04.2012\tremie_02042012_002.tif	02/04/2012	1	NaN	NaN	5	MB	P5-MB-F9	9	NaN	17,6154	1,5629	20,7491	20,6113	1	0	0,073268	0,34538	0,59657	0,80494	0,83781	0,87545	1,0323	1,2119	1,3743	1,4748	1,5347	1,5836	1,5215	1,4936	1,4254	1,4234	1,382	1,3507	1,2604	0,91667
ABICHOU	09-Aug-2012 13:28:14	D:\MyWork\Data_Echap\Manipe_Boigneville20112012\Mesures\Essai_Tremie\MesuresINRA\D2_02.04.2012\scanne_02.04.2012\tremie_02042012_002.tif	02/04/2012	1	NaN	NaN	5	MB	P5-MB-F10	10	NaN	21,3091	1,6093	26,8155	26,7964	1	0	0,16174	0,49568	0,75313	0,85188	0,99472	1,1698	1,2347	1,2828	1,2919	1,4052	1,4524	1,5362	1,6193	1,5709	1,5323	1,5851	1,5922	1,5508	1,395	1,1154
ABICHOU	09-Aug-2012 13:28:14	D:\MyWork\Data_Echap\Manipe_Boigneville20112012\Mesures\Essai_Tremie\MesuresINRA\D2_02.04.2012\scanne_02.04.2012\tremie_02042012_002.tif	02/04/2012	1	NaN	NaN	7	MB	P7-MB-F9	9	NaN	16,6546	1,16	14,971	14,5207	1	0	0,09007	0,32196	0,44315	0,56503	0,64641	0,76624	0,91061	0,989	1,0565	1,1353	1,1526	1,1624	1,135	1,1196	1,1216	1,0898	1,0489	0,99337	0,95678	0,68035
ABICHOU	09-Aug-2012 13:28:14	D:\MyWork\Data_Echap\Manipe_Boigneville20112012\Mesures\Essai_Tremie\MesuresINRA\D2_02.04.2012\scanne_02.04.2012\tremie_02042012_002.tif	02/04/2012	1	NaN	NaN	7	MB	P7-MB-F10	10	NaN	20,6045	1,3743	22,6682	22,4653	1	0	0,12665	0,38316	0,5898	0,71873	0,86426	1,0588	1,158	1,2053	1,2523	1,3436	1,3542	1,3599	1,3784	1,3504	1,3494	1,327	1,2964	1,2263	1,1576	0,8415
ABICHOU	09-Aug-2012 13:28:14	D:\MyWork\Data_Echap\Manipe_Boigneville20112012\Mesures\Essai_Tremie\MesuresINRA\D2_02.04.2012\scanne_02.04.2012\tremie_02042012_002.tif	02/04/2012	1	NaN	NaN	8	MB	P8-MB-F8	8	NaN	11,8487	1,0996	10,0131	9,4664	1	0	0,13255	0,33339	0,4782	0,58232	0,69065	0,76696	0,85437	1,021	1,1043	1,0861	1,0973	1,0818	1,0669	0,99959	0,98329	0,96249	0,86664	0,79297	0,75217	0,65014
ABICHOU	09-Aug-2012 13:28:14	D:\MyWork\Data_Echap\Manipe_Boigneville20112012\Mesures\Essai_Tremie\MesuresINRA\D2_02.04.2012\scanne_02.04.2012\tremie_02042012_002.tif	02/04/2012	1	NaN	NaN	8	MB	P8-MB-F9	9	NaN	14,8979	1,3021	15,1443	15,138	1	0	0,10834	0,32021	0,47552	0,67076	0,80494	0,90292	0,97183	1,0068	1,1421	1,2057	1,2341	1,2913	1,3086	1,2799	1,2683	1,2639	1,239	1,1849	1,1379	0,73621
ABICHOU	09-Aug-2012 13:28:14	D:\MyWork\Data_Echap\Manipe_Boigneville20112012\Mesures\Essai_Tremie\MesuresINRA\D2_02.04.2012\scanne_02.04.2012\tremie_02042012_002.tif	02/04/2012	1	NaN	NaN	8	MB	P8-MB-F10	10	NaN	19,7896	1,3601	20,7085	20,6722	1	0	0,1833	0,32891	0,539	0,65801	0,82249	0,96022	1,0434	1,0937	1,1625	1,2645	1,3197	1,3438	1,3641	1,3306	1,2793	1,3186	1,3087	1,247	1,1746	0,89521
ABICHOU	09-Aug-2012 13:43:43	D:\MyWork\Data_Echap\Manipe_Boigneville20112012\Mesures\Essai_Tremie\MesuresINRA\D2_02.04.2012\scanne_02.04.2012\tremie_02042012_003.tif	02/04/2012	1	NaN	NaN	24	MB	P24-MB-F8	8	NaN	16,4386	1,2887	16,4501	14,8125	2	0	0,23911	0,39767	0,47681	0,5298	0,78426	0,91636	1,0732	1,1835	1,2264	1,2269	1,2663	1,2892	1,284	1,2528	1,2508	1,2268	1,1927	1,1142	1,0068	0,80199
ABICHOU	09-Aug-2012 13:43:43	D:\MyWork\Data_Echap\Manipe_Boigneville20112012\Mesures\Essai_Tremie\MesuresINRA\D2_02.04.2012\scanne_02.04.2012\tremie_02042012_003.tif	02/04/2012	1	NaN	NaN	24	MB	P24-MB-F9	9	NaN	19,2068	1,4597	22,5675	22,4927	1	0	0,14943	0,4722	0,69467	0,83671	0,91784	1,1037	1,2258	1,3276	1,4058	1,4399	1,4603	1,453	1,4435	1,4078	1,4064	1,3881	1,3543	1,3025	1,1891	0,97673
ABICHOU	09-Aug-2012 13:43:43	D:\MyWork\Data_Echap\Manipe_Boigneville20112012\Mesures\Essai_Tremie\MesuresINRA\D2_02.04.2012\scanne_02.04.2012\tremie_02042012_003.tif	02/04/2012	1	NaN	NaN	25	MB	P25-MB-F9	9	NaN	11,0382	1,457	14,6466	14,4356	3	0	1,1308	1,1851	1,2654	1,3403	1,4017	1,4376	1,4575	1,4586	1,4476	1,4572	1,4517	1,4399	1,4279	1,4068	1,3709	1,3299	1,2334	1,1794	1,088	0,88146
ABICHOU	09-Aug-2012 13:43:43	D:\MyWork\Data_Echap\Manipe_Boigneville20112012\Mesures\Essai_Tremie\MesuresINRA\D2_02.04.2012\scanne_02.04.2012\tremie_02042012_003.tif	02/04/2012	1	NaN	NaN	25	MB	P25-MB-F10	10	NaN	21,5912	1,4897	25,3617	25,3199	1	0	0,22337	0,49831	0,69042	0,78477	0,9024	1,0289	1,1968	1,2763	1,3628	1,4296	1,4687	1,4825	1,4869	1,4696	1,4915	1,4746	1,4183	1,35	1,2407	0,67261
ABICHOU	09-Aug-2012 13:43:43	D:\MyWork\Data_Echap\Manipe_Boigneville20112012\Mesures\Essai_Tremie\MesuresINRA\D2_02.04.2012\scanne_02.04.2012\tremie_02042012_003.tif	02/04/2012	1	NaN	NaN	26	MB	P26-MB-F9	9	NaN	18,2278	1,3519	19,6894	19,3306	1	0	0,11292	0,40785	0,56395	0,70921	0,82717	0,9251	1,0781	1,1832	1,2858	1,3296	1,3246	1,3574	1,3447	1,3206	1,3145	1,3073	1,2381	1,1632	1,0842	0,84311
ABICHOU	09-Aug-2012 13:43:43	D:\MyWork\Data_Echap\Manipe_Boigneville20112012\Mesures\Essai_Tremie\MesuresINRA\D2_02.04.2012\scanne_02.04.2012\tremie_02042012_003.tif	02/04/2012	1	NaN	NaN	26	MB	P26-MB-F10	10	NaN	21,7224	1,5055	25,6506	25,633	1	0	0,18496	0,48201	0,6727	0,79045	0,88418	0,99729	1,1868	1,2967	1,3678	1,4503	1,4805	1,4861	1,5074	1,4995	1,4785	1,4208	1,3819	1,3443	1,2632	0,96805
ABICHOU	09-Aug-2012 13:43:43	D:\MyWork\Data_Echap\Manipe_Boigneville20112012\Mesures\Essai_Tremie\MesuresINRA\D2_02.04.2012\scanne_02.04.2012\tremie_02042012_003.tif	02/04/2012	1	NaN	NaN	27	MB	P27-MB-F8	8	NaN	16,11	1,1567	13,8702	13,7384	1	0	0,14453	0,21747	0,32938	0,46038	0,58378	0,69565	0,88167	0,99496	1,0563	1,1151	1,1115	1,1423	1,1657	1,1505	1,1151	1,0878	1,0597	1,0154	0,90549	0,70784
ABICHOU	09-Aug-2012 13:43:43	D:\MyWork\Data_Echap\Manipe_Boigneville20112012\Mesures\Essai_Tremie\MesuresINRA\D2_02.04.2012\scanne_02.04.2012\tremie_02042012_003.tif	02/04/2012	1	NaN	NaN	27	MB	P27-MB-F9	9	NaN	18,8192	1,1061	16,5325	16,5152	1	0	0,19866	0,4037	0,50233	0,63765	0,786	0,89753	0,97627	1,0293	1,0412	1,1001	1,114	1,0928	1,031	1,0559	1,0899	1,0763	1,0241	0,94732	0,88717	0,63491
ABICHOU	09-Aug-2012 13:43:43	D:\MyWork\Data_Echap\Manipe_Boigneville20112012\Mesures\Essai_Tremie\MesuresINRA\D2_02.04.2012\scanne_02.04.2012\tremie_02042012_003.tif	02/04/2012	1	NaN	NaN	10	MB	P10-MB-F8	8	NaN	9,9151	1,1766	9,663	9,5018	3	0	0,16677	0,17741	0,38859	0,97618	1,1716	1,1612	1,1506	1,1771	1,1797	1,1707	1,1473	1,1283	1,109	1,114	1,0881	1,0592	1,03	0,9709	0,86135	0,70991
ABICHOU	09-Aug-2012 13:43:43	D:\MyWork\Data_Echap\Manipe_Boigneville20112012\Mesures\Essai_Tremie\MesuresINRA\D2_02.04.2012\scanne_02.04.2012\tremie_02042012_003.tif	02/04/2012	1	NaN	NaN	10	MB	P10-MB-F9	9	NaN	19,4685	1,3655	20,9882	20,9736	1	0	0,36256	0,58024	0,72026	0,84469	0,96482	1,0795	1,1949	1,2587	1,3318	1,3222	1,3683	1,362	1,3106	1,3015	1,2823	1,2759	1,2578	1,189	1,0562	0,83378
ABICHOU	09-Aug-2012 13:43:43	D:\MyWork\Data_Echap\Manipe_Boigneville20112012\Mesures\Essai_Tremie\MesuresINRA\D2_02.04.2012\scanne_02.04.2012\tremie_02042012_003.tif	02/04/2012	1	NaN	NaN	10	MB	P10-MB-F10	10	NaN	23,7202	1,3242	25,6669	25,6602	1	0	0,19479	0,54663	0,70991	0,81551	0,90664	1,0468	1,1541	1,2414	1,292	1,3053	1,2861	1,2566	1,2544	1,2607	1,2225	1,264	1,3169	1,3195	1,1833	0,66568
ABICHOU	09-Aug-2012 13:43:43	D:\MyWork\Data_Echap\Manipe_Boigneville20112012\Mesures\Essai_Tremie\MesuresINRA\D2_02.04.2012\scanne_02.04.2012\tremie_02042012_003.tif	02/04/2012	1	NaN	NaN	11	MB	P11-MB-F9	9	NaN	17,8571	1,188	17,9235	17,9215	1	0	0,17916	0,48162	0,70007	0,78286	0,91789	1,0152	1,0789	1,1269	1,1461	1,1892	1,1872	1,178	1,1349	1,1274	1,1308	1,1403	1,1432	1,1241	1,0431	0,8532
ABICHOU	09-Aug-2012 13:43:43	D:\MyWork\Data_Echap\Manipe_Boigneville20112012\Mesures\Essai_Tremie\MesuresINRA\D2_02.04.2012\scanne_02.04.2012\tremie_02042012_003.tif	02/04/2012	1	NaN	NaN	11	MB	P11-MB-F10	10	NaN	22,0845	1,3562	23,7676	23,764	1	0	0,077279	0,42949	0,6537	0,76152	0,84446	1,0265	1,1447	1,2431	1,2802	1,2502	1,2804	1,3411	1,3617	1,3004	1,194	1,1384	1,1901	1,2493	1,1789	0,98656
ABICHOU	09-Aug-2012 13:43:43	D:\MyWork\Data_Echap\Manipe_Boigneville20112012\Mesures\Essai_Tremie\MesuresINRA\D2_02.04.2012\scanne_02.04.2012\tremie_02042012_003.tif	02/04/2012	1	NaN	NaN	12	MB	P12-MB-F8	8	NaN	9,8888	1,0755	8,8403	6,5541	3	0	0,35943	0,49162	0,53281	0,68794	0,87488	0,9574	0,97661	1,0174	1,0429	1,0639	1,0832	1,0714	1,0616	1,0356	1,0055	0,96569	0,95662	0,95725	0,87411	0,55958
ABICHOU	09-Aug-2012 13:43:43	D:\MyWork\Data_Echap\Manipe_Boigneville20112012\Mesures\Essai_Tremie\MesuresINRA\D2_02.04.2012\scanne_02.04.2012\tremie_02042012_003.tif	02/04/2012	1	NaN	NaN	12	MB	P12-MB-F9	9	NaN	15,8425	1,292	17,3005	16,9712	3	0	0,49387	0,63843	0,73046	0,83645	0,89255	1,0429	1,1338	1,1902	1,2185	1,2567	1,2885	1,2651	1,3	1,2783	1,2628	1,2703	1,2501	1,2236	1,1062	0,95867
ABICHOU	09-Aug-2012 13:43:43	D:\MyWork\Data_Echap\Manipe_Boigneville20112012\Mesures\Essai_Tremie\MesuresINRA\D2_02.04.2012\scanne_02.04.2012\tremie_02042012_003.tif	02/04/2012	1	NaN	NaN	12	MB	P12-MB-F10	10	NaN	20,9701	1,4511	23,8198	23,7772	1	0	0,19298	0,4361	0,64703	0,77551	0,84256	0,91865	1,0839	1,1965	1,2789	1,3323	1,4145	1,4502	1,4432	1,4593	1,4396	1,4315	1,3949	1,3367	1,2557	0,82697
ABICHOU	09-Aug-2012 13:43:43	D:\MyWork\Data_Echap\Manipe_Boigneville20112012\Mesures\Essai_Tremie\MesuresINRA\D2_02.04.2012\scanne_02.04.2012\tremie_02042012_003.tif	02/04/2012	1	NaN	NaN	20	MB	P20-MB-F9	9	NaN	17,1993	1,3509	18,1182	18,0344	1	0	0,17894	0,42732	0,6658	0,7584	0,84557	0,91188	1,129	1,2405	1,2821	1,3319	1,3536	1,3497	1,3208	1,2843	1,2303	1,202	1,1858	1,134	1,053	0,78843
ABICHOU	09-Aug-2012 13:43:43	D:\MyWork\Data_Echap\Manipe_Boigneville20112012\Mesures\Essai_Tremie\MesuresINRA\D2_02.04.2012\scanne_02.04.2012\tremie_02042012_003.tif	02/04/2012	1	NaN	NaN	20	MB	P20-MB-F10	10	NaN	21,173	1,4301	24,2926	24,2847	1	0	0,14451	0,48524	0,72342	0,8839	1,1085	1,2093	1,2472	1,2962	1,3491	1,3737	1,4508	1,4011	1,3824	1,3998	1,3725	1,3354	1,3058	1,2625	1,1411	0,91015
ABICHOU	09-Aug-2012 13:59:38	D:\MyWork\Data_Echap\Manipe_Boigneville20112012\Mesures\Essai_Tremie\MesuresINRA\D2_02.04.2012\scanne_02.04.2012\tremie_02042012_004.tif	02/04/2012	1	NaN	NaN	9	MB	Px-MB-F8	8	NaN	12,9306	1,0666	10,8099	10,656	1	0	0,12722	0,30723	0,45566	0,56836	0,68341	0,76013	0,82623	0,87449	0,96256	0,96507	1,0519	1,0737	1,026	0,99511	0,97327	0,99312	1,0181	0,98801	0,88893	0,61353
ABICHOU	09-Aug-2012 13:59:38	D:\MyWork\Data_Echap\Manipe_Boigneville20112012\Mesures\Essai_Tremie\MesuresINRA\D2_02.04.2012\scanne_02.04.2012\tremie_02042012_004.tif	02/04/2012	1	NaN	NaN	9	MB	Px-MB-F9	9	NaN	13,764	1,2725	14,3656	14,3562	1	0	0,15331	0,40425	0,6244	0,76206	0,86842	1,0147	1,0882	1,1434	1,1867	1,2169	1,2375	1,2822	1,2634	1,2462	1,2531	1,2546	1,2143	1,1709	1,0548	0,69095
ABICHOU	09-Aug-2012 13:59:38	D:\MyWork\Data_Echap\Manipe_Boigneville20112012\Mesures\Essai_Tremie\MesuresINRA\D2_02.04.2012\scanne_02.04.2012\tremie_02042012_004.tif	02/04/2012	1	NaN	NaN	9	MB	Px-MB-F10	10	NaN	18,9679	1,3507	19,9803	19,9773	1	0	0,26003	0,48226	0,60374	0,72467	0,87966	1,0156	1,1017	1,1545	1,1994	1,2582	1,3024	1,2925	1,3357	1,3635	1,2923	1,296	1,2798	1,2287	1,1125	0,61138
ABICHOU	09-Aug-2012 13:59:38	D:\MyWork\Data_Echap\Manipe_Boigneville20112012\Mesures\Essai_Tremie\MesuresINRA\D2_02.04.2012\scanne_02.04.2012\tremie_02042012_004.tif	02/04/2012	1	NaN	NaN	13	MB	Px1-MB-F8	8	NaN	15,7783	0,7911	9,7869	8,5555	2	0	0,081306	0,10792	0,2982	0,4121	0,48959	0,54421	0,64229	0,68127	0,7405	0,76474	0,78899	0,79644	0,77398	0,7787	0,73298	0,76969	0,76238	0,73668	0,69305	0,56065
ABICHOU	09-Aug-2012 13:59:38	D:\MyWork\Data_Echap\Manipe_Boigneville20112012\Mesures\Essai_Tremie\MesuresINRA\D2_02.04.2012\scanne_02.04.2012\tremie_02042012_004.tif	02/04/2012	1	NaN	NaN	13	MB	Px1-MB-F9	9	NaN	18,3678	1,1712	16,4491	16,0552	1	0	0,10724	0,25762	0,37692	0,50063	0,59775	0,71969	0,87559	1,0141	1,0797	1,1403	1,1741	1,1692	1,166	1,1507	1,1541	1,1325	1,1078	1,0511	0,9889	0,81343
ABICHOU	09-Aug-2012 13:59:38	D:\MyWork\Data_Echap\Manipe_Boigneville20112012\Mesures\Essai_Tremie\MesuresINRA\D2_02.04.2012\scanne_02.04.2012\tremie_02042012_004.tif	02/04/2012	1	NaN	NaN	13	MB	Px1-MB-F10	10	NaN	21,5479	1,4339	23,393	23,387	1	0	0,33068	0,50597	0,64829	0,7521	0,84467	0,99979	1,0989	1,1778	1,2428	1,317	1,3436	1,3826	1,4137	1,451	1,4154	1,3561	1,3353	1,2831	1,1815	0,93942
ABICHOU	09-Aug-2012 13:59:38	D:\MyWork\Data_Echap\Manipe_Boigneville20112012\Mesures\Essai_Tremie\MesuresINRA\D2_02.04.2012\scanne_02.04.2012\tremie_02042012_004.tif	02/04/2012	1	NaN	NaN	14	MB	Px2-MB-F8	8	NaN	11,9121	0,85222	7,6829	4,4697	3	0	0,17856	0,37227	0,48413	0,44297	0,48358	0,44353	0,67872	0,79235	0,81952	0,79543	0,84276	0,85957	0,82848	0,78364	0,74956	0,72009	0,7018	0,66814	0,66199	0,3023
ABICHOU	09-Aug-2012 13:59:38	D:\MyWork\Data_Echap\Manipe_Boigneville20112012\Mesures\Essai_Tremie\MesuresINRA\D2_02.04.2012\scanne_02.04.2012\tremie_02042012_004.tif	02/04/2012	1	NaN	NaN	14	MB	Px2-MB-F9	9	NaN	13,1278	1,1912	12,3024	12,254	1	0	0,17163	0,36437	0,50444	0,64327	0,74026	0,82804	0,95971	1,0215	1,0638	1,1417	1,1877	1,1943	1,176	1,1683	1,1587	1,1626	1,1127	1,0603	0,97878	0,75695
ABICHOU	09-Aug-2012 13:59:38	D:\MyWork\Data_Echap\Manipe_Boigneville20112012\Mesures\Essai_Tremie\MesuresINRA\D2_02.04.2012\scanne_02.04.2012\tremie_02042012_004.tif	02/04/2012	1	NaN	NaN	14	MB	Px2-MB-F10	10	NaN	19,1202	1,2773	20,5038	20,4764	1	0	0,12022	0,45152	0,64987	0,75353	0,90345	1,0593	1,1305	1,2039	1,2138	1,238	1,2559	1,274	1,277	1,2719	1,2649	1,2686	1,253	1,2154	1,1343	0,79731
ABICHOU	09-Aug-2012 13:59:38	D:\MyWork\Data_Echap\Manipe_Boigneville20112012\Mesures\Essai_Tremie\MesuresINRA\D2_02.04.2012\scanne_02.04.2012\tremie_02042012_004.tif	02/04/2012	1	NaN	NaN	15	MB	Px3-MB-F9	9	NaN	13,824	0,92374	10,0958	9,7651	1	0	0,15151	0,34082	0,43487	0,51913	0,65955	0,74684	0,80434	0,82597	0,87619	0,91202	0,92491	0,9076	0,88214	0,86701	0,83027	0,81231	0,77663	0,74103	0,68156	0,39451
ABICHOU	09-Aug-2012 13:59:38	D:\MyWork\Data_Echap\Manipe_Boigneville20112012\Mesures\Essai_Tremie\MesuresINRA\D2_02.04.2012\scanne_02.04.2012\tremie_02042012_004.tif	02/04/2012	1	NaN	NaN	15	MB	Px3-MB-F10	10	NaN	18,702	0,98339	15,1341	15,1312	1	0	0,28841	0,45057	0,54009	0,62838	0,78372	0,86116	0,90027	0,92718	0,95225	0,9668	0,95688	0,96861	0,98648	0,97583	0,93588	0,92001	0,88513	0,84097	0,824	0,55608
ABICHOU	09-Aug-2012 13:59:38	D:\MyWork\Data_Echap\Manipe_Boigneville20112012\Mesures\Essai_Tremie\MesuresINRA\D2_02.04.2012\scanne_02.04.2012\tremie_02042012_004.tif	02/04/2012	1	NaN	NaN	16	MB	P16-MB-F8	8	NaN	15,8284	0,87513	10,8448	10,4507	1	0	0,12116	0,23906	0,37034	0,449	0,48791	0,6167	0,71925	0,8067	0,82993	0,84038	0,86442	0,8764	0,86364	0,84963	0,82862	0,80041	0,75755	0,7811	0,74448	0,64545
ABICHOU	09-Aug-2012 13:59:38	D:\MyWork\Data_Echap\Manipe_Boigneville20112012\Mesures\Essai_Tremie\MesuresINRA\D2_02.04.2012\scanne_02.04.2012\tremie_02042012_004.tif	02/04/2012	1	NaN	NaN	16	MB	P16-MB-F9	9	NaN	18,8132	1,2163	18,1782	18,1107	1	0	0,12058	0,33864	0,47497	0,59566	0,77661	0,96848	1,0561	1,1147	1,1535	1,1815	1,1876	1,1931	1,2216	1,1981	1,2052	1,1447	1,1037	1,0548	0,98879	0,63079
ABICHOU	09-Aug-2012 13:59:38	D:\MyWork\Data_Echap\Manipe_Boigneville20112012\Mesures\Essai_Tremie\MesuresINRA\D2_02.04.2012\scanne_02.04.2012\tremie_02042012_004.tif	02/04/2012	1	NaN	NaN	16	MB	P16-MB-F10	10	NaN	24,1098	1,388	25,8564	25,8342	1	0	0,14609	0,42497	0,59328	0,73163	0,78904	0,87142	1,0315	1,1431	1,2412	1,2942	1,3074	1,3327	1,3524	1,3807	1,391	1,3243	1,2789	1,2678	1,1796	0,94313
ABICHOU	09-Aug-2012 13:59:38	D:\MyWork\Data_Echap\Manipe_Boigneville20112012\Mesures\Essai_Tremie\MesuresINRA\D2_02.04.2012\scanne_02.04.2012\tremie_02042012_004.tif	02/04/2012	1	NaN	NaN	17	MB	P17-MB-F9	9	NaN	18,5	1,0844	15,8474	15,8291	1	0	0,19933	0,38164	0,4901	0,59225	0,68011	0,74887	0,8644	0,93934	1,0131	1,0573	1,0799	1,0942	1,0803	1,0686	1,0622	1,0242	1,0069	0,97312	0,92123	0,75741
ABICHOU	09-Aug-2012 13:59:38	D:\MyWork\Data_Echap\Manipe_Boigneville20112012\Mesures\Essai_Tremie\MesuresINRA\D2_02.04.2012\scanne_02.04.2012\tremie_02042012_004.tif	02/04/2012	1	NaN	NaN	17	MB	P17-MB-F10	10	NaN	22,3799	1,396	24,6641	24,5379	1	0	0,25893	0,51418	0,66065	0,76067	0,85917	1,0255	1,1247	1,1971	1,264	1,3015	1,3466	1,3668	1,3906	1,3885	1,3643	1,3792	1,3398	1,2928	1,1797	1,0004
ABICHOU	09-Aug-2012 13:59:38	D:\MyWork\Data_Echap\Manipe_Boigneville20112012\Mesures\Essai_Tremie\MesuresINRA\D2_02.04.2012\scanne_02.04.2012\tremie_02042012_004.tif	02/04/2012	1	NaN	NaN	18	MB	P18-MB-F8	8	NaN	13,0824	1,2484	12,6443	12,5518	1	0	0,20972	0,38087	0,48257	0,62607	0,75196	0,85781	0,93725	0,99356	1,1039	1,1778	1,2063	1,2266	1,2316	1,2573	1,2448	1,2107	1,1893	1,1515	1,0444	0,72426
ABICHOU	09-Aug-2012 13:59:38	D:\MyWork\Data_Echap\Manipe_Boigneville20112012\Mesures\Essai_Tremie\MesuresINRA\D2_02.04.2012\scanne_02.04.2012\tremie_02042012_004.tif	02/04/2012	1	NaN	NaN	18	MB	P18-MB-F9	9	NaN	16,8052	1,4241	19,2364	19,1569	1	0	0,077563	0,36684	0,60315	0,77899	0,87849	0,93787	1,0857	1,1798	1,2538	1,3346	1,3626	1,3987	1,3956	1,4052	1,4204	1,4252	1,4124	1,3854	1,2623	1,1017
ABICHOU	09-Aug-2012 13:59:38	D:\MyWork\Data_Echap\Manipe_Boigneville20112012\Mesures\Essai_Tremie\MesuresINRA\D2_02.04.2012\scanne_02.04.2012\tremie_02042012_004.tif	02/04/2012	1	NaN	NaN	19	MB	P19-MB-F9	9	NaN	17,8417	1,0495	15,0133	14,9656	1	0	0,20802	0,38337	0,50243	0,62325	0,72991	0,86476	0,93195	0,98879	1,0262	1,0585	1,0374	1,0292	1,0168	0,99764	0,98878	0,97155	0,92713	0,89142	0,85019	0,56793
ABICHOU	09-Aug-2012 13:59:38	D:\MyWork\Data_Echap\Manipe_Boigneville20112012\Mesures\Essai_Tremie\MesuresINRA\D2_02.04.2012\scanne_02.04.2012\tremie_02042012_004.tif	02/04/2012	1	NaN	NaN	19	MB	P19-MB-F10	10	NaN	22,4343	1,1765	21,3923	21,3741	1	0	0,11584	0,40449	0,57163	0,67216	0,75666	0,94282	0,99572	1,0688	1,1262	1,1628	1,1615	1,1729	1,1615	1,0758	1,0902	1,1	1,1269	1,0945	1,031	0,86233
ABICHOU	09-Aug-2012 13:59:38	D:\MyWork\Data_Echap\Manipe_Boigneville20112012\Mesures\Essai_Tremie\MesuresINRA\D2_02.04.2012\scanne_02.04.2012\tremie_02042012_004.tif	02/04/2012	1	NaN	NaN	20	MB	P20-MB-F9	9	NaN	16,1898	1,0893	14,0919	13,936	1	0	0,089493	0,29615	0,45812	0,60975	0,739	0,81002	0,84909	0,94494	1,0226	1,0602	1,0642	1,0946	1,0591	1,065	1,0431	1,022	0,97575	0,91177	0,88541	0,73959
ABICHOU	09-Aug-2012 13:59:38	D:\MyWork\Data_Echap\Manipe_Boigneville20112012\Mesures\Essai_Tremie\MesuresINRA\D2_02.04.2012\scanne_02.04.2012\tremie_02042012_004.tif	02/04/2012	1	NaN	NaN	20	MB	P20-MB-F10	10	NaN	18,6424	1,2884	18,6752	18,5966	3	0	0,25996	0,35285	0,42298	0,50077	0,82002	0,94952	1,0734	1,1516	1,212	1,2517	1,2895	1,2774	1,2815	1,2591	1,232	1,2117	1,1831	1,1332	1,0693	0,80911
ABICHOU	09-Aug-2012 14:07:13	D:\MyWork\Data_Echap\Manipe_Boigneville20112012\Mesures\Essai_Tremie\MesuresINRA\D2_02.04.2012\scanne_02.04.2012\tremie_02042012_005.tif	02/04/2012	1	NaN	NaN	25	MB	P25-MB-F8	8	NaN	15,4328	0,89769	11,3927	11,2534	1	0	0,21663	0,34954	0,49053	0,62999	0,68501	0,722	0,79525	0,85547	0,88959	0,89993	0,8979	0,88766	0,86893	0,83733	0,8168	0,82785	0,81343	0,77833	0,78322	0,5197
ABICHOU	09-Aug-2012 14:07:13	D:\MyWork\Data_Echap\Manipe_Boigneville20112012\Mesures\Essai_Tremie\MesuresINRA\D2_02.04.2012\scanne_02.04.2012\tremie_02042012_005.tif	02/04/2012	1	NaN	NaN	25	MB	P25-MB-F9	9	NaN	18,8245	1,1237	16,0236	15,5499	1	0	0,13982	0,32311	0,44846	0,53649	0,62969	0,70649	0,79704	0,8584	0,98968	1,0292	1,1109	1,1172	1,109	1,0734	1,0329	1,0693	1,0419	1,0174	0,97147	0,55173
ABICHOU	09-Aug-2012 14:07:13	D:\MyWork\Data_Echap\Manipe_Boigneville20112012\Mesures\Essai_Tremie\MesuresINRA\D2_02.04.2012\scanne_02.04.2012\tremie_02042012_005.tif	02/04/2012	1	NaN	NaN	26	MB	P26-MB-F8	8	NaN	13,9517	0,75333	8,2686	6,6363	2	0	0,21338	0,30666	0,34892	0,39369	0,50039	0,52081	0,58813	0,67092	0,72574	0,74013	0,72179	0,65242	0,69983	0,75842	0,72856	0,7141	0,70904	0,6662	0,61119	0,41657
ABICHOU	09-Aug-2012 14:07:13	D:\MyWork\Data_Echap\Manipe_Boigneville20112012\Mesures\Essai_Tremie\MesuresINRA\D2_02.04.2012\scanne_02.04.2012\tremie_02042012_005.tif	02/04/2012	1	NaN	NaN	26	MB	P26-MB-F9	9	NaN	16,0303	1,0307	12,9112	12,6299	1	0	0,13053	0,28335	0,39901	0,53217	0,6625	0,79531	0,84147	0,85919	0,8659	0,89818	1,0085	0,99737	1,0155	1,0321	1,0119	0,96836	0,95828	0,95106	0,88251	0,60169
ABICHOU	09-Aug-2012 14:07:13	D:\MyWork\Data_Echap\Manipe_Boigneville20112012\Mesures\Essai_Tremie\MesuresINRA\D2_02.04.2012\scanne_02.04.2012\tremie_02042012_005.tif	02/04/2012	1	NaN	NaN	26	MB	P26-MB-F10	10	NaN	21,3634	1,3226	21,9653	21,9244	1	0	0,11309	0,37165	0,53753	0,68425	0,76352	0,86049	1,0441	1,1272	1,1967	1,2291	1,262	1,3024	1,334	1,3071	1,2753	1,2491	1,2297	1,1687	1,1012	0,9822
ABICHOU	09-Aug-2012 14:07:13	D:\MyWork\Data_Echap\Manipe_Boigneville20112012\Mesures\Essai_Tremie\MesuresINRA\D2_02.04.2012\scanne_02.04.2012\tremie_02042012_005.tif	02/04/2012	1	NaN	NaN	27	MB	P27-MB-F8	8	NaN	16,6996	1,1641	14,9058	14,6521	1	0	0,09245	0,32215	0,46057	0,59334	0,71917	0,79677	0,91925	1,0189	1,066	1,1348	1,1641	1,1619	1,1158	1,0904	1,0689	1,0362	1,0129	0,97885	0,91099	0,6988
ABICHOU	09-Aug-2012 14:07:13	D:\MyWork\Data_Echap\Manipe_Boigneville20112012\Mesures\Essai_Tremie\MesuresINRA\D2_02.04.2012\scanne_02.04.2012\tremie_02042012_005.tif	02/04/2012	1	NaN	NaN	27	MB	P27-MB-F9	9	NaN	20,0346	1,3106	21,2647	21,1747	1	0	0,28607	0,50182	0,65498	0,77851	0,84962	1,0365	1,1429	1,1964	1,2527	1,2909	1,3096	1,3069	1,3035	1,2722	1,2758	1,2741	1,2668	1,2033	1,1272	0,76369
ABICHOU	09-Aug-2012 14:07:13	D:\MyWork\Data_Echap\Manipe_Boigneville20112012\Mesures\Essai_Tremie\MesuresINRA\D2_02.04.2012\scanne_02.04.2012\tremie_02042012_005.tif	02/04/2012	1	NaN	NaN	28	MB	P28-MB-F8	8	NaN	14,2028	1,0659	10,9312	7,7858	2	0	0,13137	0,14281	0,29575	0,41248	0,51139	0,66253	0,78292	0,92499	1,0157	1,0749	1,0534	1,0286	1,018	0,98913	0,93622	0,93199	0,90402	0,84935	0,76884	0,56662
ABICHOU	09-Aug-2012 14:07:13	D:\MyWork\Data_Echap\Manipe_Boigneville20112012\Mesures\Essai_Tremie\MesuresINRA\D2_02.04.2012\scanne_02.04.2012\tremie_02042012_005.tif	02/04/2012	1	NaN	NaN	28	MB	P28-MB-F9	9	NaN	16,8658	1,2427	16,7081	16,5497	1	0	0,08282	0,34517	0,54962	0,70899	0,81274	0,89242	0,9365	1,0771	1,1392	1,1833	1,2298	1,251	1,2314	1,2076	1,2095	1,1716	1,1717	1,1584	1,0684	0,78306
ABICHOU	09-Aug-2012 14:07:13	D:\MyWork\Data_Echap\Manipe_Boigneville20112012\Mesures\Essai_Tremie\MesuresINRA\D2_02.04.2012\scanne_02.04.2012\tremie_02042012_005.tif	02/04/2012	1	NaN	NaN	28	MB	P28-MB-F10	10	NaN	21,5941	1,5219	25,7086	25,6425	1	0	0,38757	0,62468	0,7745	0,85118	0,94916	1,1336	1,2566	1,3233	1,3729	1,4208	1,4959	1,5082	1,5292	1,5183	1,5108	1,4503	1,4124	1,3376	1,203	0,86933
ABICHOU	09-Aug-2012 14:07:13	D:\MyWork\Data_Echap\Manipe_Boigneville20112012\Mesures\Essai_Tremie\MesuresINRA\D2_02.04.2012\scanne_02.04.2012\tremie_02042012_005.tif	02/04/2012	1	NaN	NaN	29	MB	P29-MB-F7	7	NaN	13,711	0,77683	7,9315	5,6458	2	0	0,081223	0,21988	0,27726	0,323	0,3519	0,39085	0,45831	0,61547	0,67879	0,70693	0,73081	0,76148	0,77616	0,77794	0,76171	0,7499	0,69677	0,66883	0,64871	0,59242
ABICHOU	09-Aug-2012 14:07:13	D:\MyWork\Data_Echap\Manipe_Boigneville20112012\Mesures\Essai_Tremie\MesuresINRA\D2_02.04.2012\scanne_02.04.2012\tremie_02042012_005.tif	02/04/2012	1	NaN	NaN	29	MB	P29-MB-F8	8	NaN	16,0361	1,0815	14,0747	14,0012	1	0	0,094646	0,3366	0,46614	0,60634	0,72654	0,80985	0,93933	1,0142	1,0536	1,0575	1,0839	1,0717	1,0742	1,0331	1,0241	1,0254	0,99036	0,9575	0,89889	0,75749
ABICHOU	09-Aug-2012 14:07:13	D:\MyWork\Data_Echap\Manipe_Boigneville20112012\Mesures\Essai_Tremie\MesuresINRA\D2_02.04.2012\scanne_02.04.2012\tremie_02042012_005.tif	02/04/2012	1	NaN	NaN	29	MB	P29-MB-F9	9	NaN	20,248	1,2196	20,041	19,9812	1	0	0,2379	0,464	0,62461	0,70728	0,77868	0,96566	1,053	1,0987	1,1265	1,1709	1,2105	1,2275	1,1867	1,1688	1,1701	1,1637	1,1813	1,1647	1,0742	0,80913
