operateur	MethodeAnalyse	Date_analyse	fichier	Variete	prelev	prelevement	rep	plant	id_Axe	rank	nmax	lmax	wmax	A_bl	A_bl_green	stat	w0.00	w0.05	w0.10	w0.15	w0.20	w0.25	w0.30	w0.35	w0.40	w0.45	w0.50	w0.55	w0.60	w0.65	w0.70	w0.75	w0.80	w0.85	w0.90	w0.95	w1.00
ABICHOU	Lamina2Shape	27-Aug-2012 10:13:04	09052012_R1_P1.tif	TREMIE	date 4	09/05/2012	1	1	MB	9	13	20.7	0.8	11.2	9.5	2	0	0.11839	0.27224	0.19643	0.24754	0.52183	0.59463	0.53845	0.51514	0.53747	0.56621	0.59433	0.61173	0.64355	0.70133	0.74885	0.74795	0.75092	0.73496	0.67577	0.25731
ABICHOU	Lamina2Shape	27-Aug-2012 10:13:06	09052012_R1_P1.tif	TREMIE	date 4	09/05/2012	1	1	MB	10	13	20.5	1.2	16.3	15.6	2	0	0.1426	0.186	0.39613	0.51857	0.57866	0.61347	0.69306	0.70241	0.8068	0.8862	0.97581	1.0409	1.1521	1.2221	1.2192	1.1177	0.98731	0.88624	0.80071	0.75526
ABICHOU	Lamina2Shape	27-Aug-2012 10:13:06	09052012_R1_P1.tif	TREMIE	date 4	09/05/2012	1	1	MB	11	13	23.9	1.6	19.3	18	1	0	2.0747	0.1802	0.37057	0.54188	0.71825	0.78459	0.92537	1.0589	1.1683	1.2034	1.2174	1.2331	1.2844	1.2629	1.2483	1.1297	0.98146	0.91063	0.85868	0.90073
ABICHOU	Lamina2Shape	27-Aug-2012 10:13:06	09052012_R1_P1.tif	TREMIE	date 4	09/05/2012	1	1	MB	12	13	17.4	1.6	19	19	1	0	0.075653	0.31062	0.47519	0.56923	0.83541	1.0545	1.2296	1.2463	1.201	1.2388	1.3429	1.3653	1.5201	1.5534	1.5102	1.3556	1.3114	1.2412	1.1365	0.88578
ABICHOU	Lamina2Shape	27-Aug-2012 10:13:06	09052012_R1_P1.tif	TREMIE	date 4	09/05/2012	1	1	MB	13	13	12	1.4	10.8	10.8	1	0	0.010846	0.083814	0.23326	0.3533	0.44787	0.55755	0.67112	0.78771	0.91342	1.0268	1.0244	1.0298	1.0752	1.1592	1.24	1.3453	1.4588	1.4141	1.1123	0.79571
ABICHOU	Lamina2Shape	27-Aug-2012 10:13:06	09052012_R1_P1.tif	TREMIE	date 4	09/05/2012	1	1	Talle	NA	NA	14.8	0.6	5.8	2	2	0	0.09847	0.2329	0.27559	0.27382	0.30106	0.30191	0.34157	0.42825	0.50767	0.57937	0.50144	0.38375	0.55733	0.5066	0.52516	0.53155	0.47294	0.40395	0.25177	0.18198
ABICHOU	Lamina2Shape	27-Aug-2012 10:13:06	09052012_R1_P1.tif	TREMIE	date 4	09/05/2012	1	1	Talle	NA	NA	20.4	1.4	20.9	19.9	2	0	0.15464	0.33712	0.49108	0.59641	0.67572	0.80348	0.99545	1.2037	1.2653	1.3202	1.3544	1.3724	1.3526	1.352	1.3179	1.2779	1.2328	1.1472	1.1293	0.778
ABICHOU	Lamina2Shape	27-Aug-2012 10:13:06	09052012_R1_P1.tif	TREMIE	date 4	09/05/2012	1	1	Talle	NA	NA	22.3	1.1	17.7	15.2	2	0	0.16373	0.33252	0.46064	0.49797	0.55433	0.7246	0.88679	0.9851	1.0982	1.0426	1.0126	1.0065	1.0251	0.99427	0.9083	0.93855	1.0026	0.92707	0.83306	0.5046
ABICHOU	Lamina2Shape	27-Aug-2012 10:13:06	09052012_R1_P1.tif	TREMIE	date 4	09/05/2012	1	1	Talle	NA	NA	21	1.5	23.8	23	2	0	0.21209	0.47512	0.6019	0.65254	0.73134	1.0132	1.1905	1.3315	1.3778	1.4358	1.4931	1.5437	1.5179	1.4039	1.3058	1.3172	1.4312	1.3636	1.1664	0.91163
ABICHOU	Lamina2Shape	27-Aug-2012 10:13:06	09052012_R1_P1.tif	TREMIE	date 4	09/05/2012	1	1	Talle	NA	NA	17.7	0.8	10	7.1	2	0	0.15432	0.24065	0.27907	0.40427	0.33133	0.42824	0.61411	0.66833	0.67359	0.66586	0.7832	0.81215	0.72737	0.69097	0.70132	0.56001	0.67059	0.68303	0.63098	0.47217
ABICHOU	Lamina2Shape	27-Aug-2012 10:13:06	09052012_R1_P1.tif	TREMIE	date 4	09/05/2012	1	1	Talle	NA	NA	13.8	1.7	16.3	16.3	2	0	0.05574	0.18909	0.42279	0.647	0.77032	0.86518	0.9678	1.0629	1.227	1.4729	1.6272	1.6751	1.6412	1.5737	1.517	1.4942	1.4732	1.4328	1.2981	1.0371
ABICHOU	Lamina2Shape	27-Aug-2012 10:25:59	09052012_R1_P2.tif	TREMIE	date 4	09/05/2012	1	2	Talle	NA	NA	18.7	0.6	6.2	0.8	2	0	0.047204	0.22947	0.24906	0.31688	0.48377	0.54154	0.5442	0.38757	0.29091	0.16958	0.19121	0.15116	0.19781	0.20015	0.26451	0.41145	0.48257	0.53919	0.51235	0.327
ABICHOU	Lamina2Shape	27-Aug-2012 10:26:00	09052012_R1_P2.tif	TREMIE	date 4	09/05/2012	1	2	Talle	NA	NA	23.6	1.1	16.7	15.4	2	0	0.069196	0.12564	0.18792	0.36701	0.48451	0.60321	0.68452	0.71711	0.77006	0.85147	0.88134	0.85154	0.86944	0.93989	0.95307	1.02	1.0994	1.0182	0.92033	0.54917
ABICHOU	Lamina2Shape	27-Aug-2012 10:26:00	09052012_R1_P2.tif	TREMIE	date 4	09/05/2012	1	2	Talle	NA	NA	22.1	1.4	24.4	24.2	2	0	0.12701	0.37713	0.56411	0.68874	0.84165	1.0515	1.1843	1.2794	1.3415	1.3847	1.3973	1.386	1.3423	1.3163	1.3586	1.3702	1.3593	1.3402	1.2269	0.99299
ABICHOU	Lamina2Shape	27-Aug-2012 10:26:00	09052012_R1_P2.tif	TREMIE	date 4	09/05/2012	1	2	Talle	NA	NA	18.1	1.6	23.1	23	2	0	0.16737	0.45737	0.67758	0.81067	1.1272	1.2499	1.3463	1.4226	1.4997	1.5729	1.5826	1.5992	1.5992	1.6014	1.651	1.5956	1.5566	1.4834	1.3055	0.74895
ABICHOU	Lamina2Shape	27-Aug-2012 10:26:00	09052012_R1_P2.tif	TREMIE	date 4	09/05/2012	1	2	Talle	NA	NA	12.4	1.6	15	15	2	0	0.15536	0.19178	0.42284	0.65865	0.87896	1.1008	1.2679	1.4113	1.4785	1.4967	1.5011	1.5206	1.5439	1.5701	1.5889	1.5814	1.5582	1.4744	1.2925	0.80419
ABICHOU	Lamina2Shape	27-Aug-2012 10:26:00	09052012_R1_P2.tif	TREMIE	date 4	09/05/2012	1	2	MB	8	13	12.6	0.8	6.3	0	3	0	0.18234	0.38006	0.4835	0.40668	0.35084	0.31854	0.63187	0.62675	0.49607	0.51223	0.62045	0.59752	0.70103	0.68713	0.59279	0.58175	0.4791	0.37545	0.30561	0.36336
ABICHOU	Lamina2Shape	27-Aug-2012 10:26:00	09052012_R1_P2.tif	TREMIE	date 4	09/05/2012	1	2	MB	9	13	1.4	0.4	0.3	0	3	0	0.097283	0.20819	0.32469	0.41492	0.39718	0.30298	0.2202	0.19981	0.20731	0.21132	0.21928	0.22753	0.23784	0.26142	0.3105	0.35371	0.34567	0.27223	0.19336	0.19648
ABICHOU	Lamina2Shape	27-Aug-2012 10:26:00	09052012_R1_P2.tif	TREMIE	date 4	09/05/2012	1	2	MB	10	13	23.7	4.2	32	23.7	3	0	0.037819	0.10441	2.1743	3.4805	3.3174	4.0817	4.3208	4.0562	3.559	3.5185	3.8586	3.7452	3.6406	3.2694	1.5664	1.2641	1.1024	1.0737	1.0912	0.90651
ABICHOU	Lamina2Shape	27-Aug-2012 10:26:00	09052012_R1_P2.tif	TREMIE	date 4	09/05/2012	1	2	MB	11	13	22.5	1.6	26.4	25.8	2	0	0.14636	0.37512	0.59471	0.72146	0.8988	1.0545	1.1977	1.3112	1.4313	1.546	1.616	1.5905	1.5362	1.5585	1.4821	1.3922	1.3086	1.2149	1.159	0.88809
ABICHOU	Lamina2Shape	27-Aug-2012 10:26:00	09052012_R1_P2.tif	TREMIE	date 4	09/05/2012	1	2	MB	12	13	19.5	1.8	26.3	26.2	1	0	0.052018	0.28699	0.59911	0.7514	0.89352	1.188	1.3394	1.4272	1.531	1.6022	1.6418	1.7192	1.83	1.8313	1.7612	1.6963	1.5892	1.5397	1.4039	1.1102
ABICHOU	Lamina2Shape	27-Aug-2012 10:26:00	09052012_R1_P2.tif	TREMIE	date 4	09/05/2012	1	2	MB	13	13	11.9	1.7	15.5	15.4	1	0	0.017734	0.22929	0.29639	0.47996	0.70851	0.94436	1.1801	1.3948	1.5377	1.5904	1.6134	1.598	1.6533	1.7234	1.7527	1.7101	1.6261	1.5019	1.2788	0.9817
ABICHOU	Lamina2Shape	27-Aug-2012 10:33:01	09052012_R1_P3.tif	TREMIE	date 4	09/05/2012	1	3	MB	13	13	15.4	1.5	15.9	15.9	1	0	0.11195	0.15487	0.28103	0.48811	0.65017	0.77784	0.86985	0.97912	1.0615	1.1629	1.244	1.3295	1.4101	1.4897	1.5164	1.4642	1.438	1.3972	1.2469	1.0422
ABICHOU	Lamina2Shape	27-Aug-2012 10:33:01	09052012_R1_P3.tif	TREMIE	date 4	09/05/2012	1	3	MB	12	13	23.3	1.3	22.9	22.7	2	0	0.20014	0.36558	0.45099	0.52819	0.75982	0.91679	1.0431	1.0913	1.1555	1.1789	1.1952	1.2202	1.2451	1.2816	1.2677	1.2149	1.2352	1.2837	1.1773	0.68725
ABICHOU	Lamina2Shape	27-Aug-2012 10:33:01	09052012_R1_P3.tif	TREMIE	date 4	09/05/2012	1	3	MB	11	13	22.2	1.4	19.3	14.8	2	0	0.065977	0.11031	0.2579	0.38557	0.40369	0.43041	0.66178	0.82679	1.0145	1.1045	1.1006	1.3082	1.3502	1.3871	1.3578	1.1887	1.1412	1.138	1.0178	0.56088
ABICHOU	Lamina2Shape	27-Aug-2012 10:33:01	09052012_R1_P3.tif	TREMIE	date 4	09/05/2012	1	3	MB	10	13	22.9	1.1	17.5	15.7	2	0	0.1598	0.29773	0.22011	0.33279	0.52265	0.78078	0.87763	1.0045	1.0265	1.0739	1.0406	0.98355	0.97145	0.93289	0.96915	0.94265	0.96207	0.82937	0.7011	0.52569
ABICHOU	Lamina2Shape	27-Aug-2012 10:33:01	09052012_R1_P3.tif	TREMIE	date 4	09/05/2012	1	3	MB	9	13	18.1	0.7	9.6	8.1	2	0	0.1528	0.15719	0.20959	0.26895	0.3048	0.47971	0.6059	0.67415	0.71785	0.70435	0.65578	0.68636	0.65514	0.65958	0.63696	0.64941	0.64547	0.62103	0.6637	0.23919
ABICHOU	Lamina2Shape	27-Aug-2012 10:33:01	09052012_R1_P3.tif	TREMIE	date 4	09/05/2012	1	3	Talle	NA	NA	13.4	1.4	14.1	14	2	0	0.11467	0.26493	0.43226	0.57477	0.71706	0.86511	1.0307	1.1926	1.2448	1.3375	1.397	1.3795	1.3682	1.3777	1.3944	1.3849	1.3888	1.2663	0.94963	0.41788
ABICHOU	Lamina2Shape	27-Aug-2012 10:33:01	09052012_R1_P3.tif	TREMIE	date 4	09/05/2012	1	3	Talle	NA	NA	20.6	1.4	22.8	22.6	2	0	0.14916	0.44685	0.58339	0.67088	0.96181	1.13	1.2351	1.2849	1.2865	1.2803	1.3387	1.4397	1.4312	1.3493	1.2987	1.2622	1.291	1.3513	1.2381	0.72407
ABICHOU	Lamina2Shape	27-Aug-2012 10:33:01	09052012_R1_P3.tif	TREMIE	date 4	09/05/2012	1	3	Talle	NA	NA	22.4	1.5	24.5	23.7	2	0	0.19088	0.3529	0.41319	0.53646	0.69371	0.83865	1.0264	1.2339	1.4019	1.4658	1.5119	1.5413	1.5287	1.4646	1.4467	1.4158	1.3512	1.3353	1.1021	0.73419
ABICHOU	Lamina2Shape	27-Aug-2012 10:33:01	09052012_R1_P3.tif	TREMIE	date 4	09/05/2012	1	3	Talle	NA	NA	23.2	1	15.2	12.6	2	0	0.092695	0.20848	0.27342	0.33419	0.39206	0.34971	0.4602	0.57177	0.73263	0.79565	0.83844	0.85947	0.88646	0.90669	0.92665	0.99459	0.97093	0.9528	0.87117	0.80574
ABICHOU	Lamina2Shape	27-Aug-2012 10:33:01	09052012_R1_P3.tif	TREMIE	date 4	09/05/2012	1	3	Talle	NA	NA	1	0.2	0.1	0	2	0	0.067906	0.074408	0.066342	0.073163	0.080753	0.087549	0.099642	0.11584	0.12899	0.13811	0.14998	0.16272	0.16762	0.16027	0.15557	0.1546	0.15342	0.15349	0.13832	0.084231
ABICHOU	Lamina2Shape	27-Aug-2012 10:33:01	09052012_R1_P3.tif	TREMIE	date 4	09/05/2012	1	3	Talle	NA	NA	17.3	0.6	7.7	0.4	2	0	0.19261	0.33127	0.21575	0.22353	0.42829	0.55542	0.56934	0.61329	0.63478	0.60385	0.53365	0.52694	0.52848	0.51327	0.47067	0.42494	0.43851	0.38803	0.36171	0.37544
ABICHOU	Lamina2Shape	27-Aug-2012 10:47:11	09052012_R1_P4.tif	TREMIE	date 4	09/05/2012	1	4	MB	13	13	12	1.5	12.6	12.6	1	0	0.31106	0.26603	0.50912	0.71071	0.89772	1.0114	1.081	1.1251	1.1633	1.1991	1.2394	1.2883	1.3519	1.4277	1.4974	1.5654	1.556	1.3818	1.0872	0.77583
ABICHOU	Lamina2Shape	27-Aug-2012 10:47:11	09052012_R1_P4.tif	TREMIE	date 4	09/05/2012	1	4	MB	12	13	20.6	1.5	25.6	25.1	1	0	0.10007	0.32407	0.55938	0.7679	1.0341	1.2501	1.3941	1.4841	1.4907	1.5066	1.4968	1.468	1.4385	1.4165	1.5054	1.488	1.487	1.4957	1.3393	0.6283
ABICHOU	Lamina2Shape	27-Aug-2012 10:47:11	09052012_R1_P4.tif	TREMIE	date 4	09/05/2012	1	4	MB	11	13	23.8	1.5	26.5	25.8	1	0	0.16052	0.38941	0.62737	0.84612	0.97883	1.1219	1.1894	1.2093	1.2098	1.2152	1.2553	1.2455	1.3176	1.3476	1.3963	1.4526	1.4515	1.4205	1.3437	0.74175
ABICHOU	Lamina2Shape	27-Aug-2012 10:47:11	09052012_R1_P4.tif	TREMIE	date 4	09/05/2012	1	4	MB	10	13	21.5	1.2	18	16	2	0	0.14069	0.31095	0.43514	0.47965	0.57099	0.72565	0.85497	0.90388	0.93124	0.98703	1.0199	1.0487	1.0511	1.0279	1.0767	1.1744	1.1589	1.0252	0.89785	0.84961
ABICHOU	Lamina2Shape	27-Aug-2012 10:47:11	09052012_R1_P4.tif	TREMIE	date 4	09/05/2012	1	4	MB	9	13	28.5	1.2	10.1	0.7	2	0	0.75261	0.19211	0.3006	0.38424	0.36426	0.40508	0.6127	0.63883	0.64567	0.67831	0.73541	0.65921	0.65387	0.77569	0.7811	0.67001	0.5876	0.51931	0.5629	0.31779
ABICHOU	Lamina2Shape	27-Aug-2012 10:47:11	09052012_R1_P4.tif	TREMIE	date 4	09/05/2012	1	4	Talle	NA	NA	12.9	1.5	14.5	14.5	2	0	0.10069	0.158	0.36886	0.58538	0.7562	0.90567	1.0372	1.133	1.2159	1.2892	1.3605	1.4218	1.4502	1.5052	1.5405	1.5408	1.5334	1.4748	1.3303	1.1543
ABICHOU	Lamina2Shape	27-Aug-2012 10:47:11	09052012_R1_P4.tif	TREMIE	date 4	09/05/2012	1	4	Talle	NA	NA	21.2	1.6	25.9	25.7	2	0	0.062475	0.35552	0.58806	0.6862	0.8967	1.0902	1.2437	1.3232	1.3644	1.4118	1.4666	1.5623	1.5611	1.5349	1.5463	1.4862	1.5057	1.456	1.2841	0.9601
ABICHOU	Lamina2Shape	27-Aug-2012 10:47:11	09052012_R1_P4.tif	TREMIE	date 4	09/05/2012	1	4	Talle	NA	NA	25.2	1.4	26	25.3	2	0	0.11784	0.19358	0.33262	0.60348	0.82879	0.99281	1.0989	1.1804	1.2476	1.3326	1.3659	1.3758	1.4117	1.3373	1.3469	1.3118	1.3194	1.2765	1.1644	0.421
ABICHOU	Lamina2Shape	27-Aug-2012 10:47:11	09052012_R1_P4.tif	TREMIE	date 4	09/05/2012	1	4	Talle	NA	NA	22.4	0.9	14.9	12	2	0	0.18732	0.27628	0.39349	0.41587	0.56927	0.72814	0.83305	0.84158	0.80228	0.80725	0.78088	0.77881	0.75594	0.73255	0.78504	0.77759	0.84256	0.68121	0.78914	0.33639
ABICHOU	Lamina2Shape	27-Aug-2012 10:49:07	09052012_R1_P4_suite.tif	TREMIE	date 4	09/05/2012	1	4	Talle	NA	NA	13.8	1.9	19.1	19	2	0	0.10895	0.19663	0.39214	0.64271	0.85954	1.0479	1.2055	1.3731	1.5435	1.6613	1.7642	1.8627	1.9201	1.954	1.9275	1.8655	1.7694	1.6013	1.4587	1.2771
ABICHOU	Lamina2Shape	27-Aug-2012 10:49:07	09052012_R1_P4_suite.tif	TREMIE	date 4	09/05/2012	1	4	Talle	NA	NA	22.9	1.5	27.7	27.5	2	0	0.061501	0.34213	0.58315	0.7378	0.8626	1.1116	1.2385	1.3402	1.4217	1.4909	1.5004	1.4612	1.5616	1.5071	1.4682	1.4513	1.4802	1.3589	1.272	0.88902
ABICHOU	Lamina2Shape	27-Aug-2012 10:49:07	09052012_R1_P4_suite.tif	TREMIE	date 4	09/05/2012	1	4	Talle	NA	NA	25.2	1.4	24.5	23.5	2	0	0.041636	0.13321	0.34058	0.48541	0.51111	0.61168	0.82006	0.89859	0.99714	1.1438	1.2611	1.3307	1.3934	1.4022	1.4095	1.385	1.4095	1.3304	1.194	0.6793
ABICHOU	Lamina2Shape	27-Aug-2012 10:49:07	09052012_R1_P4_suite.tif	TREMIE	date 4	09/05/2012	1	4	Talle	NA	NA	24.1	0.9	15.7	11.4	2	0	0.11389	0.15259	0.23829	0.47461	0.48769	0.55575	0.79806	0.85879	0.9034	0.8599	0.84239	0.82824	0.7943	0.74098	0.81348	0.79504	0.79589	0.70509	0.62272	0.45183
ABICHOU	Lamina2Shape	27-Aug-2012 10:49:07	09052012_R1_P4_suite.tif	TREMIE	date 4	09/05/2012	1	4	Talle	NA	NA	19.8	0.6	7.5	0.2	2	0	0.32837	0.30035	0.38158	0.32752	0.27993	0.24014	0.23602	0.28637	0.45067	0.52783	0.46922	0.45851	0.55181	0.5213	0.45903	0.41572	0.34937	0.31252	0.42656	0.22833
ABICHOU	Lamina2Shape	27-Aug-2012 10:50:11	D:\MyWork\Data_Echap\Manipe_Boigneville20112012\Mesures\Essai_Tremie\MesuresINRA\D4_09.05.2012\scannes_09.05.2012\09052012_R1_P5.tif	TREMIE	date 4	09/05/2012	1	5	MB	9	13	17.5	0.7	8.1	1.2	3	0	0.11622	0.10649	0.24347	0.48733	0.50079	0.48028	0.46512	0.34313	0.32491	0.3524	0.38738	0.47725	0.56068	0.63142	0.6885	0.68037	0.59382	0.59246	0.67108	0.51005
ABICHOU	Lamina2Shape	27-Aug-2012 10:50:11	D:\MyWork\Data_Echap\Manipe_Boigneville20112012\Mesures\Essai_Tremie\MesuresINRA\D4_09.05.2012\scannes_09.05.2012\09052012_R1_P5.tif	TREMIE	date 4	09/05/2012	1	5	MB	10	13	21.1	1	13.7	11.5	2	0	0.077327	0.16328	0.35066	0.32995	0.33784	0.42547	0.59297	0.69335	0.7173	0.74369	0.79666	0.83314	0.86886	0.91555	0.99009	0.90977	0.9003	0.82904	0.79927	0.46695
ABICHOU	Lamina2Shape	27-Aug-2012 10:50:11	D:\MyWork\Data_Echap\Manipe_Boigneville20112012\Mesures\Essai_Tremie\MesuresINRA\D4_09.05.2012\scannes_09.05.2012\09052012_R1_P5.tif	TREMIE	date 4	09/05/2012	1	5	MB	11	13	23.7	1.3	19.7	19	2	0	0.070871	0.15681	0.14729	0.2389	0.43472	0.6133	0.71274	0.84813	0.94653	1.0391	1.0909	1.2262	1.2212	1.2359	1.2811	1.2616	1.2556	1.0436	0.81112	0.67092
ABICHOU	Lamina2Shape	27-Aug-2012 10:50:11	D:\MyWork\Data_Echap\Manipe_Boigneville20112012\Mesures\Essai_Tremie\MesuresINRA\D4_09.05.2012\scannes_09.05.2012\09052012_R1_P5.tif	TREMIE	date 4	09/05/2012	1	5	MB	12	13	25	1.4	27.3	27.1	2	0	0.16207	0.30591	0.56739	0.80526	0.93982	1.0865	1.2471	1.3678	1.4331	1.4527	1.378	1.3114	1.2528	1.2148	1.2528	1.2958	1.3816	1.3632	1.2948	0.92266
ABICHOU	Lamina2Shape	27-Aug-2012 10:50:11	D:\MyWork\Data_Echap\Manipe_Boigneville20112012\Mesures\Essai_Tremie\MesuresINRA\D4_09.05.2012\scannes_09.05.2012\09052012_R1_P5.tif	TREMIE	date 4	09/05/2012	1	5	MB	13	13	16.5	1.6	18.9	18.9	1	0	0.038287	0.15961	0.2687	0.48897	0.68699	0.86598	1.0322	1.1688	1.2423	1.3069	1.3631	1.4379	1.5335	1.5622	1.5336	1.5178	1.52	1.5325	1.4454	1.003
ABICHOU	Lamina2Shape	27-Aug-2012 10:50:11	D:\MyWork\Data_Echap\Manipe_Boigneville20112012\Mesures\Essai_Tremie\MesuresINRA\D4_09.05.2012\scannes_09.05.2012\09052012_R1_P5.tif	TREMIE	date 4	09/05/2012	1	5	Talle	NA	NA	17.1	1.3	12.5	12.5	2	0	0.080063	0.081485	0.1904	0.27493	0.3896	0.49004	0.58047	0.63447	0.69472	0.76076	0.84164	0.93092	1.0035	1.0741	1.1461	1.2385	1.3296	1.1814	0.92354	0.25631
ABICHOU	Lamina2Shape	27-Aug-2012 10:50:11	D:\MyWork\Data_Echap\Manipe_Boigneville20112012\Mesures\Essai_Tremie\MesuresINRA\D4_09.05.2012\scannes_09.05.2012\09052012_R1_P5.tif	TREMIE	date 4	09/05/2012	1	5	Talle	NA	NA	19	0.7	9.4	9.1	2	0	0.11163	0.16004	0.11433	0.16255	0.22985	0.39864	0.5237	0.55271	0.55321	0.56071	0.62374	0.68259	0.72738	0.69081	0.63114	0.61917	0.67681	0.75823	0.66448	0.42368
ABICHOU	Lamina2Shape	27-Aug-2012 10:50:11	D:\MyWork\Data_Echap\Manipe_Boigneville20112012\Mesures\Essai_Tremie\MesuresINRA\D4_09.05.2012\scannes_09.05.2012\09052012_R1_P5.tif	TREMIE	date 4	09/05/2012	1	5	Talle	NA	NA	21.6	1.1	16.7	16.7	2	0	0.10999	0.2029	0.2133	0.33878	0.44598	0.61782	0.77162	0.88889	0.93346	1.0982	1.0879	1.0342	1.0353	1.0374	1.016	0.99561	1.0461	0.96649	0.90724	0.74258
ABICHOU	Lamina2Shape	27-Aug-2012 10:50:11	D:\MyWork\Data_Echap\Manipe_Boigneville20112012\Mesures\Essai_Tremie\MesuresINRA\D4_09.05.2012\scannes_09.05.2012\09052012_R1_P5.tif	TREMIE	date 4	09/05/2012	1	5	Talle	NA	NA	21.3	1.3	20.9	20.9	2	0	0.12061	0.291	0.44171	0.62685	0.76997	0.94082	1.0996	1.2753	1.2701	1.148	1.0535	1.0432	1.1028	1.1734	1.2253	1.2534	1.2957	1.3131	1.1867	0.66745
ABICHOU	Lamina2Shape	27-Aug-2012 10:50:99	D:\MyWork\Data_Echap\Manipe_Boigneville20112012\Mesures\Essai_Tremie\MesuresINRA\D4_09.05.2012\scannes_09.05.2012\09052012_R1_P5_suite.tif	TREMIE	date 4	09/05/2012	1	5	Talle	NA	NA	17.4	0.8	9.7	9.7	2	0	0.095313	0.21282	0.29181	0.38825	0.49944	0.59099	0.66998	0.67196	0.64978	0.61802	0.58563	0.58856	0.58447	0.60631	0.64008	0.65323	0.68684	0.74856	0.78254	0.68607
ABICHOU	Lamina2Shape	27-Aug-2012 10:50:99	D:\MyWork\Data_Echap\Manipe_Boigneville20112012\Mesures\Essai_Tremie\MesuresINRA\D4_09.05.2012\scannes_09.05.2012\09052012_R1_P5_suite.tif	TREMIE	date 4	09/05/2012	1	5	Talle	NA	NA	16.8	0.9	12.8	12.8	2	0	0.14508	0.38475	0.50415	0.5994	0.6793	0.77017	0.87397	0.89345	0.93302	0.93368	0.88196	0.88115	0.83866	0.86489	0.83411	0.80709	0.90731	0.90206	0.87268	0.76043
ABICHOU	Lamina2Shape	27-Aug-2012 10:50:99	D:\MyWork\Data_Echap\Manipe_Boigneville20112012\Mesures\Essai_Tremie\MesuresINRA\D4_09.05.2012\scannes_09.05.2012\09052012_R1_P5_suite.tif	TREMIE	date 4	09/05/2012	1	5	Talle	NA	NA	18.3	0.7	8.4	8.1	2	0	0.10083	0.19087	0.18392	0.23908	0.35362	0.39701	0.57195	0.65738	0.66098	0.65277	0.63337	0.65921	0.60284	0.54319	0.40459	0.45628	0.52437	0.51783	0.47322	0.51918
ABICHOU	Lamina2Shape	27-Aug-2012 10:50:99	D:\MyWork\Data_Echap\Manipe_Boigneville20112012\Mesures\Essai_Tremie\MesuresINRA\D4_09.05.2012\scannes_09.05.2012\09052012_R1_P5_suite.tif	TREMIE	date 4	09/05/2012	1	5	Talle	NA	NA	11.6	0.4	3.7	2.5	2	0	0.05325	0.083659	0.1265	0.17403	0.25719	0.31489	0.32763	0.37494	0.4127	0.43409	0.4298	0.41061	0.41417	0.38927	0.40455	0.38293	0.37016	0.36109	0.3185	0.33799
ABICHOU	Lamina2Shape	27-Aug-2012 10:50:99	D:\MyWork\Data_Echap\Manipe_Boigneville20112012\Mesures\Essai_Tremie\MesuresINRA\D4_09.05.2012\scannes_09.05.2012\09052012_R1_P5_suite.tif	TREMIE	date 4	09/05/2012	1	5	Talle	NA	NA	17.4	1.1	12.5	12.5	2	0	0.11126	0.17608	0.28466	0.41967	0.59122	0.66851	0.6927	0.71957	0.7486	0.78029	0.82821	0.8522	0.91421	0.97073	1.0148	1.0806	1.1533	1.115	1.0232	0.55038
ABICHOU	Lamina2Shape	27-Aug-2012 10:50:99	D:\MyWork\Data_Echap\Manipe_Boigneville20112012\Mesures\Essai_Tremie\MesuresINRA\D4_09.05.2012\scannes_09.05.2012\09052012_R1_P5_suite.tif	TREMIE	date 4	09/05/2012	1	5	Talle	NA	NA	22.5	1	16.5	16.2	2	0	0.19496	0.24449	0.46335	0.62669	0.63945	0.72328	0.84857	0.84702	0.8757	0.89172	0.8727	0.85396	0.82382	0.94727	0.97767	0.98778	1.0378	0.93876	0.82428	0.72021
ABICHOU	Lamina2Shape	27-Aug-2012 10:50:99	D:\MyWork\Data_Echap\Manipe_Boigneville20112012\Mesures\Essai_Tremie\MesuresINRA\D4_09.05.2012\scannes_09.05.2012\09052012_R1_P5_suite.tif	TREMIE	date 4	09/05/2012	1	5	Talle	NA	NA	21.2	1.2	18.9	18.9	2	0	0.15293	0.35913	0.51183	0.66365	0.89841	1.0586	1.1396	1.1274	1.1175	1.1403	1.1647	1.0516	0.8545	0.91763	1.0009	1.0507	1.0915	1.0877	1.0338	0.16367
ABICHOU	Lamina2Shape	27-Aug-2012 10:50:99	D:\MyWork\Data_Echap\Manipe_Boigneville20112012\Mesures\Essai_Tremie\MesuresINRA\D4_09.05.2012\scannes_09.05.2012\09052012_R1_P5_suite.tif	TREMIE	date 4	09/05/2012	1	5	Talle	NA	NA	21.4	0.6	8.1	7.4	2	0	0.066054	0.09694	0.13968	0.24476	0.31144	0.31908	0.30392	0.27835	0.28556	0.34336	0.41841	0.48945	0.52625	0.63852	0.61641	0.63918	0.55752	0.51296	0.49725	0.42334
ABICHOU	Lamina2Shape	27-Aug-2012 10:51:12	D:\MyWork\Data_Echap\Manipe_Boigneville20112012\Mesures\Essai_Tremie\MesuresINRA\D4_09.05.2012\scannes_09.05.2012\09052012_R1_P6.tif	TREMIE	date 4	09/05/2012	1	6	MB	13	14	13.1	1.8	17.2	17.2	1	0	0.073902	0.10855	0.32769	0.56227	0.77414	0.98347	1.1535	1.2979	1.3757	1.4427	1.5196	1.6143	1.7908	1.8616	1.8707	1.8009	1.7142	1.5966	1.4598	1.3021
ABICHOU	Lamina2Shape	27-Aug-2012 10:51:12	D:\MyWork\Data_Echap\Manipe_Boigneville20112012\Mesures\Essai_Tremie\MesuresINRA\D4_09.05.2012\scannes_09.05.2012\09052012_R1_P6.tif	TREMIE	date 4	09/05/2012	1	6	MB	12	14	21.9	1.7	29.8	29.6	1	0	0.077085	0.29571	0.6385	0.81619	1.1119	1.2705	1.4081	1.5753	1.6394	1.6771	1.6651	1.6089	1.5967	1.5766	1.6015	1.608	1.6777	1.6817	1.4673	0.95593
ABICHOU	Lamina2Shape	27-Aug-2012 10:51:12	D:\MyWork\Data_Echap\Manipe_Boigneville20112012\Mesures\Essai_Tremie\MesuresINRA\D4_09.05.2012\scannes_09.05.2012\09052012_R1_P6.tif	TREMIE	date 4	09/05/2012	1	6	MB	11	14	24.3	1.6	27.6	26.9	2	0	0.30552	0.52328	0.73087	0.81904	0.93798	1.0948	1.1344	1.1999	1.2652	1.384	1.4193	1.4066	1.3925	1.5045	1.6104	1.5926	1.5676	1.4677	1.3071	1.0155
ABICHOU	Lamina2Shape	27-Aug-2012 10:51:12	D:\MyWork\Data_Echap\Manipe_Boigneville20112012\Mesures\Essai_Tremie\MesuresINRA\D4_09.05.2012\scannes_09.05.2012\09052012_R1_P6.tif	TREMIE	date 4	09/05/2012	1	6	MB	10	14	23.4	1.5	25.5	21.5	2	0	0.068328	0.25423	0.51208	0.72353	0.82461	1.0958	1.17	1.2595	1.3591	1.4275	1.3759	1.3991	1.452	1.4776	1.4234	1.299	1.199	1.2693	0.99598	0.61302
ABICHOU	Lamina2Shape	27-Aug-2012 10:51:12	D:\MyWork\Data_Echap\Manipe_Boigneville20112012\Mesures\Essai_Tremie\MesuresINRA\D4_09.05.2012\scannes_09.05.2012\09052012_R1_P6.tif	TREMIE	date 4	09/05/2012	1	6	MB	9	14	19.7	1.2	16.8	13.3	3	0	0.13045	0.23303	0.33281	0.41937	0.44699	0.61736	0.86154	0.97907	1.0413	1.088	1.1185	1.1781	1.1156	1.225	1.1671	1.14	1.1215	0.98088	0.82224	0.2465
ABICHOU	Lamina2Shape	27-Aug-2012 10:51:12	D:\MyWork\Data_Echap\Manipe_Boigneville20112012\Mesures\Essai_Tremie\MesuresINRA\D4_09.05.2012\scannes_09.05.2012\09052012_R1_P6.tif	TREMIE	date 4	09/05/2012	1	6	MB	8	14	16	0.8	8.1	0.1	3	0	0.11867	0.19898	0.1712	0.23223	0.36244	0.32986	0.48092	0.70256	0.73958	0.83691	0.72846	0.60319	0.54261	0.60349	0.6035	0.605	0.60286	0.6428	0.56426	0.39712
ABICHOU	Lamina2Shape	27-Aug-2012 10:51:12	D:\MyWork\Data_Echap\Manipe_Boigneville20112012\Mesures\Essai_Tremie\MesuresINRA\D4_09.05.2012\scannes_09.05.2012\09052012_R1_P6.tif	TREMIE	date 4	09/05/2012	1	6	Talle	NA	NA	13.5	0.3	3.1	0.8	2	0	0.059499	0.090924	0.1409	0.26879	0.21148	0.15543	0.11399	0.15624	0.20135	0.22472	0.258	0.28349	0.31976	0.32832	0.34067	0.32634	0.3273	0.29424	0.29314	0.16102
ABICHOU	Lamina2Shape	27-Aug-2012 10:51:12	D:\MyWork\Data_Echap\Manipe_Boigneville20112012\Mesures\Essai_Tremie\MesuresINRA\D4_09.05.2012\scannes_09.05.2012\09052012_R1_P6.tif	TREMIE	date 4	09/05/2012	1	6	Talle	NA	NA	21.1	0.8	10.7	10.4	2	0	0.052095	0.099893	0.13836	0.19077	0.32263	0.4864	0.59534	0.74783	0.76101	0.70119	0.69584	0.6908	0.61158	0.63973	0.52949	0.61046	0.67634	0.62396	0.54379	0.26511
ABICHOU	Lamina2Shape	27-Aug-2012 10:51:12	D:\MyWork\Data_Echap\Manipe_Boigneville20112012\Mesures\Essai_Tremie\MesuresINRA\D4_09.05.2012\scannes_09.05.2012\09052012_R1_P6.tif	TREMIE	date 4	09/05/2012	1	6	Talle	NA	NA	7.8	0.4	1.8	1.7	2	0	0.041709	0.10248	0.17017	0.16583	0.15105	0.13367	0.14347	0.1712	0.18309	0.2054	0.21323	0.27293	0.29785	0.30123	0.29018	0.28593	0.36186	0.41559	0.42777	0.39619
ABICHOU	Lamina2Shape	27-Aug-2012 10:51:12	D:\MyWork\Data_Echap\Manipe_Boigneville20112012\Mesures\Essai_Tremie\MesuresINRA\D4_09.05.2012\scannes_09.05.2012\09052012_R1_P6.tif	TREMIE	date 4	09/05/2012	1	6	Talle	NA	NA	19.3	0.5	6.1	3.9	2	0	0.1389	0.22469	0.19589	0.21245	0.16824	0.15968	0.31098	0.35257	0.36441	0.38493	0.39031	0.36077	0.36099	0.40827	0.42674	0.44955	0.4706	0.43201	0.39485	0.3956
ABICHOU	Lamina2Shape	27-Aug-2012 11:13:35	09052012_R1_P7.tif	TREMIE	date 4	09/05/2012	1	7	Talle	NA	NA	20.6	0.6	7.6	7.3	2	0	0.13217	0.092149	0.10423	0.1494	0.25044	0.38803	0.42094	0.41201	0.4184	0.39297	0.44906	0.43667	0.45522	0.50288	0.44143	0.45052	0.55696	0.54347	0.538	0.23703
ABICHOU	Lamina2Shape	27-Aug-2012 11:13:35	09052012_R1_P7.tif	TREMIE	date 4	09/05/2012	1	7	Talle	NA	NA	23.8	1	15.7	15.3	2	0	0.11219	0.23516	0.27778	0.33738	0.49635	0.54187	0.67423	0.75593	0.81483	0.90417	0.85898	0.92016	1.0154	0.95624	0.91352	0.80705	0.75248	0.65326	0.52684	0.44698
ABICHOU	Lamina2Shape	27-Aug-2012 11:13:35	09052012_R1_P7.tif	TREMIE	date 4	09/05/2012	1	7	Talle	NA	NA	19.1	0.7	9.1	5.3	2	0	0.16863	0.22659	0.22698	0.35283	0.46	0.37492	0.21169	0.26851	0.44149	0.47438	0.50395	0.64101	0.69373	0.68114	0.65592	0.6377	0.65608	0.70694	0.68265	0.43486
ABICHOU	Lamina2Shape	27-Aug-2012 11:13:35	09052012_R1_P7.tif	TREMIE	date 4	09/05/2012	1	7	Talle	NA	NA	23.4	1.1	17.8	15.5	2	0	0.095699	0.2763	0.32232	0.37743	0.57066	0.80004	0.83394	0.87091	0.83762	0.86112	0.90115	0.87814	0.88187	0.92734	0.99707	1.0462	1.0881	0.9901	0.96916	0.79907
ABICHOU	Lamina2Shape	27-Aug-2012 11:13:35	09052012_R1_P7.tif	TREMIE	date 4	09/05/2012	1	7	Talle	NA	NA	24	1.5	27.1	26.7	2	0	0.048339	0.20072	0.48286	0.6542	0.80008	0.98738	1.155	1.2893	1.3802	1.3827	1.4892	1.5051	1.4434	1.4142	1.4354	1.4187	1.4227	1.3427	1.2369	0.80473
ABICHOU	Lamina2Shape	27-Aug-2012 11:13:35	09052012_R1_P7.tif	TREMIE	date 4	09/05/2012	1	7	Talle	NA	NA	20.2	1.7	27.1	27.1	2	0	0.12827	0.43083	0.61926	0.74234	1.0525	1.2599	1.3635	1.4801	1.5663	1.6535	1.6876	1.7327	1.6705	1.7232	1.7584	1.7145	1.6514	1.5759	1.3552	0.98806
ABICHOU	Lamina2Shape	27-Aug-2012 11:13:35	09052012_R1_P7.tif	TREMIE	date 4	09/05/2012	1	7	Talle	NA	NA	14.1	1.6	17.6	17.6	2	0	0.074842	0.21289	0.47239	0.7334	0.95973	1.1448	1.2983	1.4669	1.5962	1.68	1.5732	1.5153	1.4985	1.4824	1.4803	1.4765	1.481	1.4753	1.2781	1.0088
ABICHOU	Lamina2Shape	27-Aug-2012 11:13:36	09052012_R1_P7.tif	TREMIE	date 4	09/05/2012	1	7	Talle	NA	NA	15.6	0.4	4.7	2.3	2	0	0.18514	0.22376	0.29815	0.31982	0.26235	0.34324	0.28915	0.3065	0.35232	0.38067	0.36493	0.343	0.25357	0.37392	0.3401	0.34839	0.33735	0.28853	0.30991	0.11773
ABICHOU	Lamina2Shape	27-Aug-2012 11:13:36	09052012_R1_P7.tif	TREMIE	date 4	09/05/2012	1	7	Talle	NA	NA	22	0.8	13	12.8	2	0	0.082971	0.15506	0.096574	0.25424	0.40747	0.60001	0.63748	0.66941	0.71434	0.7594	0.77174	0.77264	0.75252	0.76974	0.82963	0.79677	0.77384	0.71205	0.6855	0.3857
ABICHOU	Lamina2Shape	27-Aug-2012 11:13:36	09052012_R1_P7.tif	TREMIE	date 4	09/05/2012	1	7	Talle	NA	NA	22	1.2	18.8	18.5	2	0	0.1218	0.25951	0.37819	0.5375	0.67264	0.86801	0.92814	0.9995	1.0384	1.0578	1.1656	1.1701	1.2027	1.1191	1.1057	0.92663	0.90978	0.92006	0.83553	0.80824
ABICHOU	Lamina2Shape	27-Aug-2012 11:13:36	09052012_R1_P7.tif	TREMIE	date 4	09/05/2012	1	7	Talle	NA	NA	19.6	1.3	19.7	19.7	2	0	0.23393	0.42786	0.56739	0.68437	0.87853	0.9933	1.0832	1.1742	1.2284	1.2356	1.2358	1.2697	1.3098	1.1973	1.2267	1.2487	1.2679	1.2239	1.0992	0.91195
ABICHOU	Lamina2Shape	27-Aug-2012 11:13:36	09052012_R1_P7.tif	TREMIE	date 4	09/05/2012	1	7	Talle	NA	NA	16.9	1.5	19.8	19.8	2	0	0.10671	0.324	0.52459	0.74469	0.93439	1.0818	1.2268	1.3347	1.3912	1.4973	1.5435	1.5241	1.4296	1.425	1.4561	1.4559	1.4434	1.3924	1.2412	0.98173
ABICHOU	Lamina2Shape	27-Aug-2012 11:13:36	09052012_R1_P7.tif	TREMIE	date 4	09/05/2012	1	7	Talle	NA	NA	12.3	1.4	11.1	11.1	2	0	0.099004	0.13579	0.18323	0.26351	0.47753	0.64612	0.83299	0.98018	1.0798	1.1199	1.1207	1.1297	1.1654	1.1902	1.2675	1.3937	1.4235	1.3624	1.3055	1.2791
ABICHOU	Lamina2Shape	27-Aug-2012 11:13:36	09052012_R1_P7.tif	TREMIE	date 4	09/05/2012	1	7	MB	9	13	19.1	1	13.8	11.5	3	0	0.10532	0.15492	0.16659	0.29707	0.48169	0.73083	0.80848	0.91904	0.93142	0.91733	0.93457	0.9452	0.90539	0.97848	1.0493	0.9951	0.9139	0.72592	0.86351	0.17112
ABICHOU	Lamina2Shape	27-Aug-2012 11:13:36	09052012_R1_P7.tif	TREMIE	date 4	09/05/2012	1	7	MB	10	13	22.7	1.3	20	18.8	2	0	0.1467	0.29934	0.39269	0.46537	0.61668	0.72625	0.80963	0.83886	0.96423	1.0429	1.1151	1.1218	1.1167	1.1421	1.2789	1.286	1.2003	1.0379	1.052	0.75324
ABICHOU	Lamina2Shape	27-Aug-2012 11:13:36	09052012_R1_P7.tif	TREMIE	date 4	09/05/2012	1	7	MB	11	13	24.8	1.5	26	25.1	2	0	0.12278	0.1829	0.2207	0.40479	0.58065	0.76664	0.97851	1.186	1.2394	1.261	1.3271	1.3718	1.4224	1.3219	1.3886	1.5031	1.5278	1.4773	1.4128	1.0433
ABICHOU	Lamina2Shape	27-Aug-2012 11:13:36	09052012_R1_P7.tif	TREMIE	date 4	09/05/2012	1	7	MB	12	13	23.8	1.6	29.1	29	1	0	0.19063	0.48435	0.70908	0.98947	1.1441	1.2592	1.302	1.3752	1.3851	1.3719	1.4553	1.4498	1.5652	1.5553	1.4927	1.3837	1.4515	1.4052	1.3406	1.0842
ABICHOU	Lamina2Shape	27-Aug-2012 11:13:36	09052012_R1_P7.tif	TREMIE	date 4	09/05/2012	1	7	MB	13	13	14.4	1.8	18.5	18.3	1	0	0.19374	0.39875	0.56986	0.73762	0.89729	1.0594	1.1932	1.3237	1.5371	1.719	1.7712	1.7481	1.7792	1.8102	1.7733	1.6908	1.6189	1.5073	1.3005	0.73965
ABICHOU	Lamina2Shape	27-Aug-2012 11:40:43	09052012_R1_P8.tif	TREMIE	date 4	09/05/2012	1	8	Talle	NA	NA	16.5	2.1	24.1	24.1	2	0	0.11537	0.22566	0.42645	0.73196	0.98784	1.2023	1.3738	1.4854	1.6645	1.8239	1.9649	2.0493	2.0911	2.1503	2.0986	1.9336	1.7538	1.4684	1.2841	0.97827
ABICHOU	Lamina2Shape	27-Aug-2012 11:40:43	09052012_R1_P8.tif	TREMIE	date 4	09/05/2012	1	8	Talle	NA	NA	26.6	1.5	31.6	31.2	2	0	0.19806	0.3799	0.56902	0.76552	0.95046	1.0994	1.2592	1.3906	1.5014	1.5332	1.4832	1.4437	1.3997	1.34	1.5613	1.5193	1.4639	1.4902	1.354	0.98169
ABICHOU	Lamina2Shape	27-Aug-2012 11:40:43	09052012_R1_P8.tif	TREMIE	date 4	09/05/2012	1	8	Talle	NA	NA	25.5	1.3	20.8	19.8	2	0	0.068694	0.10854	0.24413	0.50341	0.65292	0.79452	0.85587	0.90545	1.12	1.1618	1.2307	1.2754	1.1708	0.96202	0.91418	1.049	0.93788	0.98963	0.98684	0.7024
ABICHOU	Lamina2Shape	27-Aug-2012 11:40:43	09052012_R1_P8.tif	TREMIE	date 4	09/05/2012	1	8	Talle	NA	NA	20.7	0.7	11.3	7.9	2	0	0.16653	0.20718	0.30805	0.39362	0.50619	0.51515	0.57892	0.66428	0.61	0.61793	0.60516	0.62376	0.57719	0.6464	0.6696	0.71609	0.71388	0.6923	0.62696	0.4509
ABICHOU	Lamina2Shape	27-Aug-2012 11:40:43	09052012_R1_P8.tif	TREMIE	date 4	09/05/2012	1	8	MB	12	12	16.8	1.8	23.6	23.6	1	0	0.45773	0.48362	0.7784	0.97121	1.1562	1.4031	1.6025	1.7596	1.7828	1.8113	1.8517	1.8234	1.8209	1.8181	1.8186	1.8107	1.7743	1.699	1.5662	1.461
ABICHOU	Lamina2Shape	27-Aug-2012 11:40:43	09052012_R1_P8.tif	TREMIE	date 4	09/05/2012	1	8	MB	11	12	25.9	1.8	36.5	36.2	2	0	0.16679	0.31274	0.65843	0.92781	1.1411	1.2659	1.4208	1.5717	1.68	1.7387	1.8019	1.8179	1.7831	1.7912	1.6821	1.6689	1.6968	1.6182	1.4217	1.0627
ABICHOU	Lamina2Shape	27-Aug-2012 11:40:43	09052012_R1_P8.tif	TREMIE	date 4	09/05/2012	1	8	MB	10	12	24.7	1.4	18.2	17.5	3	0	0.056052	0.12261	0.18186	0.24616	0.26257	0.27254	0.38997	0.49055	0.59874	0.67598	0.74179	0.89643	1.0317	1.3114	1.2122	1.3168	1.385	1.3323	1.1745	0.6654
ABICHOU	Lamina2Shape	27-Aug-2012 11:40:43	09052012_R1_P8.tif	TREMIE	date 4	09/05/2012	1	8	MB	9	12	20.1	1	14.7	12.6	3	0	0.1575	0.15996	0.23882	0.39352	0.56038	0.71308	0.77551	0.80718	0.84902	0.8649	0.87204	0.99271	0.98627	0.92092	0.94638	0.97796	0.96066	0.92698	0.83023	0.63957
ABICHOU	Lamina2Shape	27-Aug-2012 11:52:57	09052012_R1_P9.tif	TREMIE	date 4	09/05/2012	1	9	Talle	NA	NA	20.2	1	12	8.4	2	0	0.095204	0.2345	0.25113	0.3146	0.38446	0.38397	0.40435	0.47369	0.54118	0.70602	0.76582	0.81838	0.80778	0.77163	0.74927	0.89539	0.9873	0.86085	0.89517	0.49738
ABICHOU	Lamina2Shape	27-Aug-2012 11:52:58	09052012_R1_P9.tif	TREMIE	date 4	09/05/2012	1	9	Talle	NA	NA	23.9	1.3	21	18.2	2	0	0.059727	0.26805	0.34335	0.33912	0.4949	0.52495	0.69462	0.79704	0.95598	1.0851	1.1846	1.3003	1.2376	1.1099	1.1952	1.2462	1.2321	1.1983	1.1593	0.72065
ABICHOU	Lamina2Shape	27-Aug-2012 11:52:58	09052012_R1_P9.tif	TREMIE	date 4	09/05/2012	1	9	Talle	NA	NA	25.3	1.6	31.9	31.6	2	0	0.069068	0.29359	0.63122	0.81442	1.0114	1.226	1.3092	1.3599	1.4098	1.4015	1.4407	1.4881	1.5586	1.5386	1.6328	1.6103	1.5914	1.5569	1.41	1.0712
ABICHOU	Lamina2Shape	27-Aug-2012 11:52:58	09052012_R1_P9.tif	TREMIE	date 4	09/05/2012	1	9	Talle	NA	NA	14.7	1.8	19.4	19.4	2	0	0.11937	0.24939	0.5017	0.72778	0.92508	1.1362	1.3007	1.3895	1.477	1.5265	1.5939	1.6548	1.7057	1.7619	1.802	1.836	1.843	1.6942	1.498	1.1855
ABICHOU	Lamina2Shape	27-Aug-2012 11:52:58	09052012_R1_P9.tif	TREMIE	date 4	09/05/2012	1	9	MB	9	13	21.7	0.8	11.7	6.5	3	0	0.11964	0.19485	0.30534	0.34919	0.46573	0.4952	0.45354	0.49312	0.57176	0.5945	0.58823	0.59769	0.631	0.66397	0.70408	0.72562	0.82822	0.80539	0.7598	0.40847
ABICHOU	Lamina2Shape	27-Aug-2012 11:52:58	09052012_R1_P9.tif	TREMIE	date 4	09/05/2012	1	9	MB	10	13	23.1	1.1	15.6	12.7	2	0	0.11977	0.15822	0.41899	0.61858	0.52896	0.55132	0.6334	0.72253	0.78138	0.80046	0.78018	0.78352	0.86988	0.89064	0.94009	1.0394	1.055	0.96281	0.87745	0.50075
ABICHOU	Lamina2Shape	27-Aug-2012 11:52:58	09052012_R1_P9.tif	TREMIE	date 4	09/05/2012	1	9	MB	11	13	22.5	1.4	23.8	22.9	2	0	0.19566	0.40191	0.55504	0.62176	0.83634	0.98544	1.1192	1.1686	1.1713	1.2863	1.372	1.3651	1.3779	1.3694	1.3298	1.3773	1.3841	1.3629	1.2696	0.88787
ABICHOU	Lamina2Shape	27-Aug-2012 11:52:58	09052012_R1_P9.tif	TREMIE	date 4	09/05/2012	1	9	MB	12	13	17.2	1.5	19.7	19.6	1	0	0.064212	0.28359	0.56221	0.67795	0.87707	1.0603	1.1813	1.2416	1.2965	1.3135	1.3327	1.3455	1.3656	1.3802	1.4384	1.4186	1.4453	1.4565	1.2901	1.0646
ABICHOU	Lamina2Shape	27-Aug-2012 11:52:58	09052012_R1_P9.tif	TREMIE	date 4	09/05/2012	1	9	MB	13	13	11	1.3	11	11	1	0	0.051086	0.12285	0.29389	0.48843	0.67953	0.8913	1.0729	1.1605	1.2314	1.2635	1.3134	1.3386	1.3237	1.3156	1.2933	1.2652	1.2184	1.1327	0.88234	0.43016
ABICHOU	Lamina2Shape	27-Aug-2012 11:58:16	09052012_R1_P10.tif	TREMIE	date 4	09/05/2012	1	10	MB	13	13	14.3	1.9	19.9	19.9	1	0	0.10088	0.17183	0.38077	0.70802	0.91124	1.128	1.32	1.4206	1.5129	1.5887	1.6963	1.7704	1.8213	1.8421	1.8623	1.8753	1.8468	1.7724	1.5667	1.2945
ABICHOU	Lamina2Shape	27-Aug-2012 11:58:16	09052012_R1_P10.tif	TREMIE	date 4	09/05/2012	1	10	MB	12	13	24.3	1.6	30.2	29.7	1	0	0.14644	0.45209	0.63083	0.939	1.1262	1.2268	1.2832	1.3543	1.4303	1.5434	1.5939	1.6066	1.5313	1.4666	1.4459	1.4775	1.5099	1.4367	1.2937	0.80313
ABICHOU	Lamina2Shape	27-Aug-2012 11:58:16	09052012_R1_P10.tif	TREMIE	date 4	09/05/2012	1	10	MB	11	13	23.4	1.2	17.4	14.9	3	0	0.25103	0.29418	0.29594	0.3396	0.50424	0.72102	0.65041	0.65599	0.69848	0.79364	0.86613	0.93557	1.0058	1.0592	1.1287	1.1814	1.219	1.176	1.0708	0.82209
ABICHOU	Lamina2Shape	27-Aug-2012 11:58:16	09052012_R1_P10.tif	TREMIE	date 4	09/05/2012	1	10	MB	10	13	19.9	0.8	9.4	4	3	0	0.18886	0.23756	0.264	0.16635	0.26336	0.47618	0.50823	0.51221	0.5177	0.5201	0.52478	0.56932	0.56477	0.49244	0.47193	0.55852	0.64139	0.76331	0.68215	0.40633
ABICHOU	Lamina2Shape	27-Aug-2012 11:58:16	09052012_R1_P10.tif	TREMIE	date 4	09/05/2012	1	10	Talle	NA	NA	11.3	1.4	10.8	10.8	2	0	0.028093	0.11728	0.23652	0.46151	0.64778	0.77631	0.86697	0.93824	0.98416	1.0164	1.0421	1.09	1.1658	1.2634	1.364	1.4192	1.4067	1.2517	0.98369	0.60758
ABICHOU	Lamina2Shape	27-Aug-2012 11:58:16	09052012_R1_P10.tif	TREMIE	date 4	09/05/2012	1	10	Talle	NA	NA	16.4	1.4	18.3	18.3	2	0	0.048425	0.19956	0.47143	0.68083	0.79064	1.0157	1.1392	1.2254	1.3463	1.3822	1.3893	1.3715	1.3272	1.2929	1.3437	1.381	1.3973	1.3816	1.2247	0.68513
ABICHOU	Lamina2Shape	27-Aug-2012 11:58:16	09052012_R1_P10.tif	TREMIE	date 4	09/05/2012	1	10	Talle	NA	NA	21.2	1.3	20.8	20.8	2	0	0.12148	0.31808	0.46403	0.59332	0.68727	0.8085	0.92019	1.0145	1.0769	1.1156	1.1714	1.2398	1.2508	1.2291	1.2644	1.2664	1.3226	1.2579	1.1395	0.76553
ABICHOU	Lamina2Shape	27-Aug-2012 11:58:16	09052012_R1_P10.tif	TREMIE	date 4	09/05/2012	1	10	Talle	NA	NA	22.2	1.1	16.7	14.9	2	0	0.18445	0.19136	0.24015	0.35147	0.59941	0.76205	0.84706	0.92049	0.91507	0.89103	0.9157	0.9711	1.0063	0.98448	1.0552	1.075	1.029	0.96391	0.84601	0.57145
ABICHOU	Lamina2Shape	27-Aug-2012 11:58:16	09052012_R1_P10.tif	TREMIE	date 4	09/05/2012	1	10	Talle	NA	NA	18.5	0.5	6.9	0.1	2	0	0.12145	0.14912	0.16851	0.27038	0.37033	0.35374	0.34095	0.37502	0.42218	0.38341	0.4208	0.41365	0.47253	0.45947	0.49428	0.51018	0.51153	0.49657	0.36111	0.43729
ABICHOU	Lamina2Shape	27-Aug-2012 12:03:11	09052012_R2_P11.tif	TREMIE	date 4	09/05/2012	2	11	MB	9	13	18.2	0.5	4.6	1	3	0	0.083878	0.093587	0.10365	0.11912	0.16158	0.22569	0.26606	0.18034	0.21565	0.21197	0.20648	0.27162	0.19939	0.33268	0.39472	0.47553	0.43358	0.40382	0.34351	0.36058
ABICHOU	Lamina2Shape	27-Aug-2012 12:03:11	09052012_R2_P11.tif	TREMIE	date 4	09/05/2012	2	11	MB	10	13	23.2	0.7	10.2	9.3	2	0	0.059579	0.10107	0.15071	0.35192	0.47888	0.56	0.5459	0.53438	0.53302	0.5017	0.45256	0.43239	0.42569	0.39824	0.47194	0.52234	0.5809	0.59505	0.64812	0.50078
ABICHOU	Lamina2Shape	27-Aug-2012 12:03:11	09052012_R2_P11.tif	TREMIE	date 4	09/05/2012	2	11	MB	11	13	23.3	1.4	24.2	23.9	1	0	0.13977	0.23285	0.44282	0.68671	0.8035	0.89128	1.0401	1.1895	1.2849	1.3243	1.3555	1.3629	1.3418	1.317	1.3131	1.2958	1.1691	1.1153	1.0072	0.64447
ABICHOU	Lamina2Shape	27-Aug-2012 12:03:11	09052012_R2_P11.tif	TREMIE	date 4	09/05/2012	2	11	MB	12	13	20.5	1.3	20.2	20.1	2	0	0.21053	0.5298	0.66641	0.73041	0.80828	0.96073	1.0545	1.1413	1.2392	1.2685	1.1494	1.0691	1.0455	1.0707	1.1327	1.1281	1.1904	1.2401	1.1462	0.87626
ABICHOU	Lamina2Shape	27-Aug-2012 12:03:11	09052012_R2_P11.tif	TREMIE	date 4	09/05/2012	2	11	MB	13	13	13.4	1.3	10.3	10.3	2	0	0.11582	0.20444	0.33469	0.40486	0.46613	0.51743	0.56166	0.60875	0.66535	0.73109	0.79708	0.85804	0.94165	1.0268	1.1207	1.2185	1.2954	1.3591	1.2886	1.1242
ABICHOU	Lamina2Shape	27-Aug-2012 12:09:45	09052012_R2_P12.tif	TREMIE	date 4	09/05/2012	2	12	MB	13	13	15	1.4	15	15	1	0	0.18465	0.16594	0.29261	0.44188	0.58352	0.75199	0.91531	1.063	1.1708	1.2804	1.347	1.3304	1.3091	1.335	1.3454	1.3539	1.3683	1.3731	1.3216	0.94064
ABICHOU	Lamina2Shape	27-Aug-2012 12:09:45	09052012_R2_P12.tif	TREMIE	date 4	09/05/2012	2	12	MB	12	13	24.9	1.5	28.7	28.6	1	0	0.12971	0.39414	0.6595	0.89298	1.0386	1.2259	1.362	1.4674	1.548	1.5082	1.4495	1.364	1.2429	1.297	1.2383	1.2293	1.2219	1.1377	1.1122	0.95939
ABICHOU	Lamina2Shape	27-Aug-2012 12:09:45	09052012_R2_P12.tif	TREMIE	date 4	09/05/2012	2	12	MB	11	13	23.8	1.3	23	21.6	2	0	0.12776	0.20928	0.32898	0.42809	0.57111	0.78617	1.0064	1.1604	1.2069	1.2412	1.2536	1.2754	1.3314	1.2867	1.2818	1.2558	1.2248	1.1824	1.1091	0.67839
ABICHOU	Lamina2Shape	27-Aug-2012 12:09:45	09052012_R2_P12.tif	TREMIE	date 4	09/05/2012	2	12	MB	10	13	18.9	0.9	12.3	11.7	2	0	0.095437	0.18357	0.25779	0.38233	0.59823	0.75191	0.83917	0.84048	0.85069	0.8673	0.8175	0.82246	0.79242	0.79972	0.7962	0.81709	0.69293	0.60011	0.76746	0.46801
ABICHOU	Lamina2Shape	27-Aug-2012 12:09:45	09052012_R2_P12.tif	TREMIE	date 4	09/05/2012	2	12	MB	9	13	14.6	0.6	6.5	0.1	3	0	0.14426	0.23898	0.2214	0.28516	0.43981	0.62499	0.60974	0.50599	0.56461	0.5173	0.51185	0.57376	0.55419	0.47904	0.49949	0.48454	0.41634	0.4252	0.35822	0.18353
ABICHOU	Lamina2Shape	27-Aug-2012 12:09:45	09052012_R2_P12.tif	TREMIE	date 4	09/05/2012	2	12	Talle	NA	NA	14.1	1.6	15.2	15.2	2	0	0.16028	0.22402	0.27613	0.41984	0.58531	0.74327	0.87509	1.0106	1.158	1.3479	1.5434	1.6474	1.5694	1.5071	1.4692	1.476	1.4395	1.4084	1.3165	1.1758
ABICHOU	Lamina2Shape	27-Aug-2012 12:09:45	09052012_R2_P12.tif	TREMIE	date 4	09/05/2012	2	12	Talle	NA	NA	19.1	1.2	18.2	18.2	2	0	0.16988	0.39596	0.50793	0.62038	0.76229	0.86666	0.95026	0.9959	1.0453	1.1116	1.1546	1.1615	1.137	1.1242	1.1667	1.1938	1.2098	1.2518	1.1335	0.86231
ABICHOU	Lamina2Shape	27-Aug-2012 12:09:45	09052012_R2_P12.tif	TREMIE	date 4	09/05/2012	2	12	Talle	NA	NA	22.3	1.1	18.9	18.7	2	0	0.11183	0.22164	0.35823	0.52269	0.72899	0.86462	0.94711	1.0115	1.0674	1.0811	1.1325	1.1528	1.0936	1.0641	0.99432	1.0015	0.95473	0.88578	0.92363	0.82921
ABICHOU	Lamina2Shape	27-Aug-2012 12:09:45	09052012_R2_P12.tif	TREMIE	date 4	09/05/2012	2	12	Talle	NA	NA	20.8	0.7	10.7	10.3	2	0	0.19489	0.29742	0.31325	0.29154	0.36744	0.47062	0.54909	0.54009	0.54675	0.60947	0.57314	0.65175	0.64862	0.57797	0.58905	0.65552	0.69716	0.65498	0.65393	0.49823
ABICHOU	Lamina2Shape	27-Aug-2012 12:18:08	09052012_R2_P13.tif	TREMIE	date 4	09/05/2012	2	13	Talle	NA	NA	20.5	1	13	11.1	2	0	0.07701	0.22448	0.30417	0.25326	0.24689	0.31105	0.49885	0.58641	0.7875	0.92602	0.84938	0.83359	0.82947	0.85081	0.82396	0.88502	1.0447	1.0429	0.81713	0.34685
ABICHOU	Lamina2Shape	27-Aug-2012 12:18:08	09052012_R2_P13.tif	TREMIE	date 4	09/05/2012	2	13	Talle	NA	NA	14.4	1.7	18.4	18.4	2	0	0.022717	0.17261	0.42652	0.70347	0.94561	1.0707	1.1515	1.2495	1.3358	1.4353	1.5107	1.5804	1.621	1.642	1.6584	1.6576	1.6247	1.5572	1.452	1.2641
ABICHOU	Lamina2Shape	27-Aug-2012 12:18:08	09052012_R2_P13.tif	TREMIE	date 4	09/05/2012	2	13	MB	9	14	16	0.5	5.9	3.4	3	0	0.10262	0.15633	0.24292	0.23592	0.26051	0.32101	0.35722	0.43144	0.42846	0.4123	0.46957	0.45337	0.37938	0.49127	0.50477	0.49178	0.51398	0.43942	0.5054	0.3199
ABICHOU	Lamina2Shape	27-Aug-2012 12:18:08	09052012_R2_P13.tif	TREMIE	date 4	09/05/2012	2	13	MB	10	14	21.4	1	16.5	16	2	0	0.079486	0.18687	0.33991	0.4314	0.70838	0.86443	0.94276	0.95026	0.96796	0.96491	0.9819	0.95813	0.98558	0.97615	0.95313	0.9349	0.83483	0.86099	0.88629	0.50048
ABICHOU	Lamina2Shape	27-Aug-2012 12:18:08	09052012_R2_P13.tif	TREMIE	date 4	09/05/2012	2	13	MB	11	14	25.3	1.5	24.3	23.8	2	0	0.054044	0.13488	0.2481	0.26422	0.32245	0.47942	0.75599	1.0401	1.1889	1.2612	1.3438	1.424	1.4432	1.3947	1.4272	1.4552	1.3704	1.2761	1.2246	0.95557
ABICHOU	Lamina2Shape	27-Aug-2012 12:18:08	09052012_R2_P13.tif	TREMIE	date 4	09/05/2012	2	13	MB	12	14	25.1	1.6	31.1	31	1	0	0.19317	0.51114	0.7105	0.82501	0.93819	1.0826	1.1899	1.3588	1.4589	1.5007	1.5772	1.4863	1.5647	1.591	1.5493	1.5802	1.5684	1.4907	1.3495	0.96272
ABICHOU	Lamina2Shape	27-Aug-2012 12:18:08	09052012_R2_P13.tif	TREMIE	date 4	09/05/2012	2	13	MB	13	14	19.6	1.9	28.3	28.2	1	0	0.14694	0.33846	0.5862	0.88049	1.2079	1.4177	1.4953	1.5582	1.6197	1.6697	1.7285	1.7664	1.8089	1.8708	1.925	1.9065	1.8375	1.7373	1.5151	1.2466
ABICHOU	Lamina2Shape	27-Aug-2012 12:18:08	09052012_R2_P13.tif	TREMIE	date 4	09/05/2012	2	13	MB	14	14	11.7	1.4	13.4	13.4	3	0	0.067825	0.18872	0.39816	0.62325	0.84579	1.0621	1.2549	1.3774	1.3817	1.316	1.2914	1.305	1.3351	1.3761	1.4001	1.414	1.4256	1.3362	1.1946	1.0718
ABICHOU	Lamina2Shape	27-Aug-2012 12:18:08	09052012_R2_P13.tif	TREMIE	date 4	09/05/2012	2	13	Talle	NA	NA	24.8	1.8	34.4	34	2	0	0.12123	0.22193	0.36124	0.65087	0.98224	1.1956	1.4029	1.5844	1.7243	1.8029	1.8397	1.7554	1.5918	1.6092	1.7137	1.8386	1.7841	1.7024	1.5641	1.3002
ABICHOU	Lamina2Shape	27-Aug-2012 12:18:08	09052012_R2_P13.tif	TREMIE	date 4	09/05/2012	2	13	Talle	NA	NA	17.8	0.8	9.2	4.5	2	0	0.096616	0.1668	0.22025	0.29107	0.25845	0.32631	0.43273	0.48546	0.59751	0.58974	0.63417	0.75662	0.74518	0.68317	0.644	0.76661	0.75017	0.75217	0.72028	0.504
ABICHOU	Lamina2Shape	27-Aug-2012 12:18:08	09052012_R2_P13.tif	TREMIE	date 4	09/05/2012	2	13	Talle	NA	NA	24.5	1.6	27.9	27.1	2	0	0.068554	0.11597	0.1647	0.29785	0.56665	0.81727	1.0643	1.2861	1.4	1.4731	1.4453	1.501	1.5056	1.6168	1.5984	1.6316	1.6182	1.6143	1.4377	1.2432
ABICHOU	Lamina2Shape	27-Aug-2012 12:24:01	09052012_R2_P14.tif	TREMIE	date 4	09/05/2012	2	14	MB	13	13	15.7	2.1	24.3	24.3	1	0	0.065772	0.1918	0.29512	0.62568	0.96777	1.1928	1.3641	1.5153	1.6943	1.8543	1.9541	2.0376	2.0787	2.1193	2.1125	2.0552	1.9611	1.8016	1.5548	1.1341
ABICHOU	Lamina2Shape	27-Aug-2012 12:24:01	09052012_R2_P14.tif	TREMIE	date 4	09/05/2012	2	14	MB	12	13	26.4	2	39.8	39.4	1	0	0.10887	0.26162	0.51797	0.87969	1.1922	1.4607	1.6352	1.7035	1.744	1.7949	1.9123	1.9579	1.9185	1.9014	1.8777	1.8413	1.7984	1.7176	1.5301	1.2544
ABICHOU	Lamina2Shape	27-Aug-2012 12:24:01	09052012_R2_P14.tif	TREMIE	date 4	09/05/2012	2	14	MB	11	13	26.7	1.5	30.1	26.3	2	0	0.056879	0.17034	0.22529	0.39948	0.5975	0.85836	1.1733	1.3645	1.4169	1.4224	1.4042	1.4146	1.4606	1.477	1.5392	1.5389	1.5253	1.488	1.3974	0.78217
ABICHOU	Lamina2Shape	27-Aug-2012 12:24:01	09052012_R2_P14.tif	TREMIE	date 4	09/05/2012	2	14	MB	10	13	19.5	1.3	18.2	15.6	2	0	0.097905	0.23332	0.25318	0.38745	1.0055	1.2434	1.2159	1.2008	1.2137	1.1968	1.1809	1.1915	1.2197	1.2698	1.243	1.2013	1.2143	1.0947	1.1091	0.95711
ABICHOU	Lamina2Shape	27-Aug-2012 12:24:01	09052012_R2_P14.tif	TREMIE	date 4	09/05/2012	2	14	Talle	NA	NA	15.7	1.9	22	22	2	0	0.060179	0.1821	0.47804	0.73411	0.93356	1.0989	1.2853	1.4535	1.6003	1.7367	1.8206	1.8852	1.8937	1.9202	1.94	1.895	1.7589	1.5582	1.2843	0.64969
ABICHOU	Lamina2Shape	27-Aug-2012 12:24:01	09052012_R2_P14.tif	TREMIE	date 4	09/05/2012	2	14	Talle	NA	NA	24.1	1.5	27.8	27.6	2	0	0.12876	0.33833	0.60888	0.70366	0.7746	1.0179	1.1993	1.2809	1.3403	1.424	1.4357	1.4689	1.4563	1.4677	1.4716	1.4574	1.4616	1.4231	1.2722	1.002
ABICHOU	Lamina2Shape	27-Aug-2012 12:24:01	09052012_R2_P14.tif	TREMIE	date 4	09/05/2012	2	14	Talle	NA	NA	24.1	1.3	22.9	22.6	2	0	0.052549	0.13909	0.15039	0.37902	0.66587	0.86876	1.0299	1.0847	1.116	1.1944	1.2831	1.3469	1.3198	1.3039	1.2454	1.2321	1.233	1.1255	1.0751	0.67152
ABICHOU	Lamina2Shape	27-Aug-2012 12:24:01	09052012_R2_P14.tif	TREMIE	date 4	09/05/2012	2	14	Talle	NA	NA	21.4	0.8	10.4	8.7	2	0	0.071929	0.10666	0.15534	0.21513	0.24648	0.31042	0.43248	0.5037	0.54986	0.58945	0.6182	0.74935	0.75556	0.71089	0.7275	0.70354	0.64952	0.48238	0.57997	0.69097
ABICHOU	Lamina2Shape	27-Aug-2012 12:26:27	09052012_R2_P14_suite.tif	TREMIE	date 4	09/05/2012	2	14	Talle	NA	NA	15.9	0.6	7.2	7.1	3	0	0.074626	0.14175	0.26605	0.373	0.44124	0.49207	0.54511	0.56207	0.59481	0.58927	0.56767	0.54751	0.53942	0.52579	0.52203	0.51076	0.54471	0.52445	0.50226	0.35873
ABICHOU	Lamina2Shape	27-Aug-2012 12:26:27	09052012_R2_P14_suite.tif	TREMIE	date 4	09/05/2012	2	14	Talle	NA	NA	22.1	1	17.6	17.5	2	0	0.1354	0.23176	0.38042	0.49941	0.74231	0.81729	0.87936	0.90025	0.97689	1.0254	0.99665	1.0066	1.001	1.0139	1.0217	0.91729	0.91802	0.90924	0.89459	0.57361
ABICHOU	Lamina2Shape	27-Aug-2012 12:26:27	09052012_R2_P14_suite.tif	TREMIE	date 4	09/05/2012	2	14	Talle	NA	NA	17.9	1.3	17.4	17.3	2	0	0.15443	0.33425	0.43515	0.49609	0.68347	0.86837	1.0167	1.0918	1.1466	1.2026	1.259	1.2454	1.2122	1.2738	1.2349	1.2758	1.2671	1.2386	1.1115	0.86287
ABICHOU	Lamina2Shape	27-Aug-2012 12:26:27	09052012_R2_P14_suite.tif	TREMIE	date 4	09/05/2012	2	14	Talle	NA	NA	15.5	1.5	18.6	18.6	2	0	0.048075	0.2668	0.47805	0.7495	0.87951	1.0444	1.2093	1.313	1.408	1.454	1.515	1.523	1.517	1.5417	1.5315	1.5377	1.4852	1.4027	1.2545	0.8528
ABICHOU	Lamina2Shape	27-Aug-2012 12:26:27	09052012_R2_P14_suite.tif	TREMIE	date 4	09/05/2012	2	14	Talle	NA	NA	9.7	1.3	9.2	9.2	2	0	0.12438	0.14133	0.19205	0.34465	0.51438	0.68758	0.85851	1.0182	1.1534	1.2525	1.2506	1.1902	1.1696	1.231	1.2475	1.2312	1.1703	1.115	1.0992	0.96155
ABICHOU	Lamina2Shape	27-Aug-2012 12:31:16	09052012_R2_P15.tif	TREMIE	date 4	09/05/2012	2	15	Talle	NA	NA	23	1.4	23.9	23.1	2	0	0.17245	0.3974	0.55382	0.68256	0.81518	0.92095	1.0235	1.0665	1.2369	1.3193	1.3532	1.3286	1.391	1.3484	1.2807	1.3473	1.301	1.2512	1.1363	0.80663
ABICHOU	Lamina2Shape	27-Aug-2012 12:31:16	09052012_R2_P15.tif	TREMIE	date 4	09/05/2012	2	15	Talle	NA	NA	20.8	1.5	23.6	23.6	2	0	0.34292	0.57306	0.69879	0.73879	0.97109	1.1482	1.2129	1.2724	1.3319	1.3982	1.4346	1.474	1.4828	1.4785	1.4601	1.4436	1.4022	1.3454	1.1967	0.93007
ABICHOU	Lamina2Shape	27-Aug-2012 12:31:16	09052012_R2_P15.tif	TREMIE	date 4	09/05/2012	2	15	Talle	NA	NA	12.5	1.6	14.1	14.1	2	0	0.04931	0.12584	0.29437	0.48249	0.66634	0.84322	0.99414	1.1304	1.2387	1.3375	1.4317	1.4999	1.5383	1.5888	1.6084	1.5997	1.5833	1.4305	1.2455	0.91487
ABICHOU	Lamina2Shape	27-Aug-2012 12:31:16	09052012_R2_P15.tif	TREMIE	date 4	09/05/2012	2	15	MB	10	13	21.5	1.2	19.7	18.5	2	0	0.1252	0.1832	0.32051	0.54779	0.87174	1.0156	1.1002	1.1784	1.2084	1.1883	1.2122	1.1924	1.1621	1.1616	1.1525	1.1618	1.1241	0.97203	0.97648	0.91106
ABICHOU	Lamina2Shape	27-Aug-2012 12:31:16	09052012_R2_P15.tif	TREMIE	date 4	09/05/2012	2	15	MB	11	13	23.9	1.5	24.5	23.9	2	0	0.12544	0.18161	0.19652	0.21138	0.41564	0.61868	0.87218	1.1614	1.3193	1.3741	1.3922	1.4173	1.4247	1.4497	1.4679	1.4786	1.4648	1.3867	1.2068	0.94704
ABICHOU	Lamina2Shape	27-Aug-2012 12:31:16	09052012_R2_P15.tif	TREMIE	date 4	09/05/2012	2	15	MB	12	13	22	1.8	29.7	29.7	1	0	0.24401	0.52307	0.76875	1.0369	1.157	1.2697	1.4063	1.5212	1.6548	1.7342	1.7546	1.7704	1.7119	1.6971	1.6827	1.6774	1.6103	1.4867	1.3478	1.0652
ABICHOU	Lamina2Shape	27-Aug-2012 12:31:16	09052012_R2_P15.tif	TREMIE	date 4	09/05/2012	2	15	MB	13	13	11.3	1.8	14.6	14.6	1	0	0.025929	0.06972	0.27194	0.51777	0.80727	1.0505	1.2079	1.324	1.4248	1.5193	1.5982	1.6615	1.7208	1.7728	1.8131	1.7811	1.6472	1.4179	1.1171	0.66098
ABICHOU	Lamina2Shape	27-Aug-2012 12:41:05	09052012_R2_P16.tif	TREMIE	date 4	09/05/2012	2	16	MB	NA	13	17	0.8	9.3	9.2	3	0	0.084532	0.19545	0.20181	0.3304	0.46919	0.54895	0.60622	0.71149	0.7679	0.74431	0.71774	0.75642	0.73295	0.72544	0.72169	0.683	0.6379	0.54829	0.3992	0.27307
ABICHOU	Lamina2Shape	27-Aug-2012 12:41:05	09052012_R2_P16.tif	TREMIE	date 4	09/05/2012	2	16	Talle	NA	NA	11.5	0.3	1.8	1	2	0	0.074843	0.11928	0.12553	0.093172	0.17498	0.18743	0.15932	0.16693	0.12802	0.10173	0.13566	0.15818	0.16851	0.16195	0.19126	0.25769	0.28241	0.18503	0.096834	0.33075
ABICHOU	Lamina2Shape	27-Aug-2012 12:41:05	09052012_R2_P16.tif	TREMIE	date 4	09/05/2012	2	16	Talle	NA	NA	21	1.2	18.4	18.4	2	0	0.27496	0.41217	0.49333	0.59978	0.73292	0.80883	0.86775	0.92075	0.99849	1.0549	1.0909	1.12	1.1405	1.1546	1.1458	1.1403	1.1002	1.0616	0.93034	0.55884
ABICHOU	Lamina2Shape	27-Aug-2012 12:41:05	09052012_R2_P16.tif	TREMIE	date 4	09/05/2012	2	16	Talle	NA	NA	24.5	1	19.8	19.7	2	0	0.094187	0.25581	0.41967	0.50476	0.60186	0.78404	0.91498	0.97148	1.0103	1.0315	1.0419	0.97813	1.015	1.039	1.0255	0.96633	0.96325	0.92709	0.83495	0.70965
ABICHOU	Lamina2Shape	27-Aug-2012 12:41:05	09052012_R2_P16.tif	TREMIE	date 4	09/05/2012	2	16	Talle	NA	NA	14.9	1.3	15	15	2	0	0.14475	0.39822	0.60118	0.77397	0.88269	0.96205	1.0233	1.0518	1.0784	1.1154	1.1416	1.1785	1.2159	1.2819	1.3282	1.3538	1.3124	1.2523	1.0731	0.66383
ABICHOU	Lamina2Shape	27-Aug-2012 12:41:05	09052012_R2_P16.tif	TREMIE	date 4	09/05/2012	2	16	Talle	NA	NA	18.6	0.6	7.6	6.6	2	0	0.038706	0.10948	0.14017	0.27334	0.27235	0.34815	0.43883	0.44611	0.48449	0.50179	0.52585	0.56692	0.57477	0.62474	0.52099	0.53026	0.48712	0.52464	0.50969	0.23818
ABICHOU	Lamina2Shape	27-Aug-2012 12:41:05	09052012_R2_P16.tif	TREMIE	date 4	09/05/2012	2	16	MB	9	13	18.8	1.2	13	9.4	2	0	0.12258	0.0922	0.16457	0.15081	0.21885	0.32873	0.47471	0.59098	0.57302	0.61236	0.72536	0.87086	0.99193	1.0762	1.1739	1.2189	1.2386	1.193	1.1116	0.85972
ABICHOU	Lamina2Shape	27-Aug-2012 12:41:05	09052012_R2_P16.tif	TREMIE	date 4	09/05/2012	2	16	MB	10	13	22.3	1.5	23.9	22	2	0	0.074146	0.16736	0.33899	0.5713	0.75426	0.94286	1.1459	1.2466	1.278	1.2599	1.3079	1.3051	1.3733	1.4626	1.5199	1.5301	1.4611	1.3958	1.2524	0.83569
ABICHOU	Lamina2Shape	27-Aug-2012 12:41:05	09052012_R2_P16.tif	TREMIE	date 4	09/05/2012	2	16	MB	11	13	23.8	1.7	28.6	27.4	2	0	0.10774	0.21921	0.23916	0.46735	0.68925	0.92156	1.078	1.2903	1.5244	1.6325	1.678	1.7055	1.6654	1.6654	1.6199	1.6273	1.6079	1.5495	1.4056	0.96759
ABICHOU	Lamina2Shape	27-Aug-2012 12:41:05	09052012_R2_P16.tif	TREMIE	date 4	09/05/2012	2	16	MB	12	13	24.2	1.8	33.5	33.3	1	0	0.055084	0.35669	0.66484	0.81395	1.099	1.2756	1.3947	1.4774	1.5757	1.643	1.7444	1.7657	1.7754	1.7668	1.7538	1.6956	1.6791	1.6493	1.4728	1.0109
ABICHOU	Lamina2Shape	27-Aug-2012 12:41:05	09052012_R2_P16.tif	TREMIE	date 4	09/05/2012	2	16	MB	13	13	14.8	2.1	23.4	23.4	1	0	0.40989	0.50674	0.80686	0.99774	1.2281	1.4128	1.559	1.7188	1.85	1.9707	2.057	2.1125	2.1364	2.1421	2.1213	2.0603	1.9948	1.8237	1.6446	1.3305
ABICHOU	Lamina2Shape	27-Aug-2012 12:41:05	09052012_R2_P16.tif	TREMIE	date 4	09/05/2012	2	16	Talle	NA	NA	14.4	1.9	20.3	20.3	2	0	0.064779	0.21125	0.42294	0.72944	0.99769	1.1682	1.3194	1.4692	1.5742	1.6672	1.7604	1.8366	1.8717	1.8959	1.8773	1.8615	1.7696	1.6236	1.4474	1.2136
ABICHOU	Lamina2Shape	27-Aug-2012 12:41:05	09052012_R2_P16.tif	TREMIE	date 4	09/05/2012	2	16	Talle	NA	NA	20.9	1.1	13.8	12.5	2	0	0.070769	0.10209	0.1213	0.15492	0.15726	0.24945	0.39173	0.50161	0.6399	0.75851	0.93421	0.98651	1.0195	1.083	1.1074	1.1011	1.1213	1.0761	1.0075	0.38398
ABICHOU	Lamina2Shape	27-Aug-2012 12:41:05	09052012_R2_P16.tif	TREMIE	date 4	09/05/2012	2	16	Talle	NA	NA	21	1.6	25.9	25.9	2	0	0.056662	0.29536	0.56503	0.74283	0.84799	1.0636	1.1788	1.28	1.3438	1.4615	1.5253	1.5846	1.618	1.6107	1.6087	1.5631	1.5148	1.482	1.3143	1.0367
ABICHOU	Lamina2Shape	27-Aug-2012 12:41:05	09052012_R2_P16.tif	TREMIE	date 4	09/05/2012	2	16	Talle	NA	NA	24.7	1.3	24.9	24.5	2	0	0.085196	0.15356	0.34622	0.56842	0.67497	0.84754	1.0308	1.1539	1.2222	1.273	1.3176	1.3532	1.3064	1.2867	1.3133	1.3143	1.2693	1.227	1.1272	0.7913
ABICHOU	Lamina2Shape	29-Aug-2012 15:08:56	09052012_R2_P17.tif	TREMIE	date 4	09/05/2012	2	17	Talle	NA	NA	16.3	1	11.2	10.1	2	0	0.16165	0.30452	0.4363	0.50011	0.64942	0.80297	0.90719	0.96345	0.90248	0.95933	0.89016	0.81981	0.78341	0.76723	0.75079	0.71595	0.70825	0.63719	0.65241	0.51991
ABICHOU	Lamina2Shape	29-Aug-2012 15:08:56	09052012_R2_P17.tif	TREMIE	date 4	09/05/2012	2	17	Talle	NA	NA	18.2	1.3	17.3	17.1	2	0	0.18795	0.36695	0.51136	0.63398	0.7199	0.87924	0.99601	1.0672	1.0589	1.164	1.2522	1.2341	1.2687	1.2291	1.2692	1.2667	1.1768	1.1147	0.91978	0.69428
ABICHOU	Lamina2Shape	29-Aug-2012 15:08:56	09052012_R2_P17.tif	TREMIE	date 4	09/05/2012	2	17	Talle	NA	NA	17.5	1.3	18.3	18.2	2	0	0.16543	0.43784	0.6183	0.71414	0.82077	0.86501	1.0395	1.1686	1.2585	1.2868	1.2881	1.3212	1.3061	1.3177	1.2959	1.3023	1.2774	1.1771	1.0578	0.63987
ABICHOU	Lamina2Shape	29-Aug-2012 15:08:56	09052012_R2_P17.tif	TREMIE	date 4	09/05/2012	2	17	Talle	NA	NA	16	1.5	19.1	19.1	2	0	0.2229	0.52697	0.67782	0.70054	0.97878	1.136	1.2456	1.3484	1.4441	1.4914	1.5271	1.5233	1.546	1.5301	1.5008	1.4612	1.4391	1.3576	1.1421	0.69961
ABICHOU	Lamina2Shape	29-Aug-2012 15:08:56	09052012_R2_P17.tif	TREMIE	date 4	09/05/2012	2	17	Talle	NA	NA	12.1	1.6	14.7	14.7	2	0	0.012189	0.08955	0.28194	0.4837	0.70456	0.94053	1.1625	1.305	1.3539	1.3991	1.4443	1.4778	1.5127	1.5467	1.5893	1.6494	1.5992	1.46	1.2896	1.0434
ABICHOU	Lamina2Shape	29-Aug-2012 15:08:56	09052012_R2_P17.tif	TREMIE	date 4	09/05/2012	2	17	MB	9	13	18	1	13.8	10.7	2	0	0.079949	0.21317	0.21905	0.28548	0.44859	0.55115	0.70824	0.82643	1.0036	0.97734	1.0055	1.0211	1.011	0.99895	1.026	1.045	1.0089	0.97944	0.86914	0.66974
ABICHOU	Lamina2Shape	29-Aug-2012 15:08:56	09052012_R2_P17.tif	TREMIE	date 4	09/05/2012	2	17	MB	10	13	19.7	1.4	19.7	19.2	2	0	0.072061	0.31222	0.51014	0.5928	0.64932	0.70377	0.90916	1.0621	1.1437	1.1663	1.2035	1.192	1.2678	1.2735	1.3367	1.3865	1.3594	1.2362	1.1429	0.76988
ABICHOU	Lamina2Shape	29-Aug-2012 15:08:56	09052012_R2_P17.tif	TREMIE	date 4	09/05/2012	2	17	MB	11	13	19.3	1.5	22.8	22.7	1	0	0.1767	0.53015	0.73501	0.84834	0.93469	1.1102	1.2482	1.3565	1.419	1.4389	1.4532	1.443	1.4368	1.4131	1.3821	1.3837	1.3708	1.3373	1.2477	0.85552
ABICHOU	Lamina2Shape	29-Aug-2012 15:08:56	09052012_R2_P17.tif	TREMIE	date 4	09/05/2012	2	17	MB	12	13	16.8	1.7	21.5	21.5	1	0	0.34173	0.62531	0.75289	0.79895	1.0198	1.1688	1.2642	1.3981	1.4906	1.58	1.6377	1.6397	1.6421	1.684	1.666	1.6331	1.5772	1.4779	1.3101	1.0731
ABICHOU	Lamina2Shape	29-Aug-2012 15:08:56	09052012_R2_P17.tif	TREMIE	date 4	09/05/2012	2	17	MB	13	13	11.7	1.7	14.7	14.7	1	0	0.075869	0.15973	0.36384	0.64866	0.90231	1.0827	1.2275	1.3068	1.3678	1.412	1.4351	1.478	1.5453	1.6029	1.6822	1.6771	1.6078	1.4943	1.2697	1.0476
ABICHOU	Lamina2Shape	29-Aug-2012 16:10:49	09052012_R2_P18.tif	TREMIE	date 4	09/05/2012	2	18	MB	13	13	10.9	1.7	13.8	13.8	1	0	0.10975	0.30002	0.549	0.7878	1.0013	1.1547	1.2327	1.2818	1.3239	1.3615	1.4216	1.469	1.5354	1.6138	1.6798	1.6699	1.635	1.5452	1.3795	1.2319
ABICHOU	Lamina2Shape	29-Aug-2012 16:10:49	09052012_R2_P18.tif	TREMIE	date 4	09/05/2012	2	18	MB	12	13	18.8	1.9	26.6	26.5	1	0	0.073408	0.32087	0.64626	0.85622	0.96532	1.185	1.3429	1.4598	1.5628	1.6493	1.7303	1.8072	1.7903	1.8826	1.8861	1.8462	1.7843	1.6456	1.4215	0.85674
ABICHOU	Lamina2Shape	29-Aug-2012 16:10:49	09052012_R2_P18.tif	TREMIE	date 4	09/05/2012	2	18	MB	11	13	22.7	1.7	30.3	29.9	1	0	0.19796	0.35408	0.64162	0.85734	1.0512	1.3031	1.4365	1.5424	1.6075	1.6523	1.6453	1.5991	1.5873	1.6197	1.602	1.6458	1.6442	1.578	1.3144	0.78511
ABICHOU	Lamina2Shape	29-Aug-2012 16:10:49	09052012_R2_P18.tif	TREMIE	date 4	09/05/2012	2	18	MB	10	13	22.8	1.5	24.8	23.5	2	0	0.077951	0.17137	0.42043	0.52185	0.58644	0.80608	0.98841	1.111	1.2153	1.2641	1.41	1.4553	1.5331	1.5155	1.4949	1.4853	1.4389	1.2843	1.3097	0.91174
ABICHOU	Lamina2Shape	29-Aug-2012 16:10:49	09052012_R2_P18.tif	TREMIE	date 4	09/05/2012	2	18	MB	9	13	19.4	1.2	15.9	13	2	0	0.11291	0.13216	0.26136	0.36731	0.36504	0.58556	0.73915	0.89531	0.96347	0.99265	1.0976	1.1409	1.1488	1.1223	1.0167	1.0234	1.0545	1.081	1.1082	0.61609
ABICHOU	Lamina2Shape	29-Aug-2012 16:10:49	09052012_R2_P18.tif	TREMIE	date 4	09/05/2012	2	18	Talle	NA	NA	16.7	0.8	9	5.4	3	0	0.13526	0.20249	0.22138	0.47342	0.77117	0.73543	0.51121	0.483	0.70352	0.77533	0.75511	0.6872	0.72052	0.71018	0.68917	0.68286	0.61427	0.5847	0.72495	0.54948
ABICHOU	Lamina2Shape	29-Aug-2012 16:10:49	09052012_R2_P18.tif	TREMIE	date 4	09/05/2012	2	18	Talle	NA	NA	11.1	0.5	4	1.7	2	0	0.061164	0.15195	0.28181	0.26837	0.15782	0.20631	0.3434	0.43455	0.50526	0.49107	0.49375	0.50013	0.48939	0.46286	0.47152	0.46675	0.47184	0.43867	0.35903	0.13567
ABICHOU	Lamina2Shape	29-Aug-2012 16:10:49	09052012_R2_P18.tif	TREMIE	date 4	09/05/2012	2	18	Talle	NA	NA	13.5	1.3	13.9	13.8	2	0	0.31493	0.53319	0.64026	0.7774	0.93871	1.0948	1.2445	1.3147	1.3031	1.2992	1.2803	1.2594	1.2639	1.2653	1.2915	1.3056	1.3028	1.2704	0.98036	0.28383
ABICHOU	Lamina2Shape	29-Aug-2012 16:10:49	09052012_R2_P18.tif	TREMIE	date 4	09/05/2012	2	18	Talle	NA	NA	19.2	1.6	22.5	22.5	2	0	0.12752	0.39524	0.64489	0.7516	0.80132	1.0639	1.2168	1.2714	1.3097	1.3417	1.35	1.3617	1.4105	1.405	1.4193	1.5157	1.6003	1.5481	1.3614	0.79504
ABICHOU	Lamina2Shape	29-Aug-2012 16:10:49	09052012_R2_P18.tif	TREMIE	date 4	09/05/2012	2	18	Talle	NA	NA	20.8	1.5	24.1	23.8	2	0	0.15018	0.20331	0.48038	0.73336	0.92804	1.0851	1.2787	1.361	1.4173	1.443	1.4772	1.5137	1.4681	1.4239	1.3594	1.3834	1.396	1.2813	1.1946	0.77259
ABICHOU	Lamina2Shape	29-Aug-2012 16:10:49	09052012_R2_P18.tif	TREMIE	date 4	09/05/2012	2	18	Talle	NA	NA	20.3	1.1	14.8	14.4	2	0	0.091631	0.14209	0.2258	0.39323	0.34513	0.43553	0.53866	0.64503	0.75245	0.87512	0.94776	1.0263	1.0456	1.0117	1.0108	1.0454	1.0998	1.1172	1.0893	0.53194
ABICHOU	Lamina2Shape	29-Aug-2012 16:21:58	09052012_R2_P19.tif	TREMIE	date 4	09/05/2012	2	19	MB	13	13	12	1.9	16.4	16.4	1	0	0.083405	0.2138	0.43144	0.67428	0.89598	1.0918	1.2611	1.3604	1.4856	1.6345	1.7441	1.8229	1.8484	1.8639	1.8513	1.8059	1.6966	1.5292	1.337	1.1092
ABICHOU	Lamina2Shape	29-Aug-2012 16:21:58	09052012_R2_P19.tif	TREMIE	date 4	09/05/2012	2	19	MB	12	13	20.1	1.7	26.8	26.7	1	0	0.064006	0.2761	0.56506	0.73489	0.85413	1.1647	1.3277	1.4353	1.5085	1.6122	1.6924	1.7338	1.6529	1.6091	1.7141	1.6969	1.6472	1.5846	1.3821	1.0848
ABICHOU	Lamina2Shape	29-Aug-2012 16:21:58	09052012_R2_P19.tif	TREMIE	date 4	09/05/2012	2	19	MB	11	13	22.7	1.7	30.4	30.1	1	0	0.14551	0.40897	0.66481	0.90714	1.163	1.3419	1.4756	1.5783	1.6524	1.7055	1.679	1.6701	1.6233	1.5805	1.6064	1.604	1.6228	1.5565	1.4112	1.1128
ABICHOU	Lamina2Shape	29-Aug-2012 16:21:58	09052012_R2_P19.tif	TREMIE	date 4	09/05/2012	2	19	MB	10	13	22.9	1.4	24.8	22.5	2	0	0.083672	0.16989	0.45675	0.57348	0.71808	0.91336	1.0749	1.1517	1.1629	1.2948	1.3879	1.3988	1.4226	1.4135	1.4405	1.4218	1.3991	1.3242	1.264	0.85091
ABICHOU	Lamina2Shape	29-Aug-2012 16:21:58	09052012_R2_P19.tif	TREMIE	date 4	09/05/2012	2	19	MB	9	13	19.5	1.2	17.8	14.7	2	0	0.069363	0.10545	0.23903	0.44786	0.70369	0.99318	1.0289	1.0593	1.0877	1.1099	1.1185	1.1274	1.1417	1.2178	1.1627	1.17	1.1188	1.0674	0.98883	0.91301
ABICHOU	Lamina2Shape	29-Aug-2012 16:21:58	09052012_R2_P19.tif	TREMIE	date 4	09/05/2012	2	19	Talle	NA	NA	14.4	2.1	21.4	21.3	2	0	0.14181	0.25197	0.52416	0.79699	1.0201	1.1839	1.3433	1.5531	1.7612	1.923	2.0117	2.0931	2.1492	2.1542	2.1196	2.0424	1.916	1.6969	1.3528	0.72383
ABICHOU	Lamina2Shape	29-Aug-2012 16:21:58	09052012_R2_P19.tif	TREMIE	date 4	09/05/2012	2	19	Talle	NA	NA	25.3	1.8	36.5	36.4	2	0	0.15847	0.50953	0.76055	0.9969	1.186	1.3673	1.505	1.6058	1.7038	1.7703	1.8107	1.8328	1.7918	1.7359	1.7476	1.725	1.6733	1.6642	1.5273	0.92256
ABICHOU	Lamina2Shape	29-Aug-2012 16:21:58	09052012_R2_P19.tif	TREMIE	date 4	09/05/2012	2	19	Talle	NA	NA	23.7	1.6	29.4	27.3	2	0	0.16674	0.45936	0.65993	0.75376	0.95658	1.119	1.2242	1.3301	1.467	1.5675	1.5419	1.5191	1.5613	1.5547	1.4485	1.5214	1.5582	1.5392	1.4519	1.1866
ABICHOU	Lamina2Shape	29-Aug-2012 16:21:58	09052012_R2_P19.tif	TREMIE	date 4	09/05/2012	2	19	Talle	NA	NA	19.5	1.4	20.7	19.9	2	0	0.12246	0.30847	0.42527	0.62545	0.76528	0.88401	1.0826	1.1919	1.2871	1.3126	1.3511	1.3566	1.3608	1.3397	1.3181	1.2839	1.2849	1.2534	1.18	0.78353
ABICHOU	Lamina2Shape	29-Aug-2012 16:29:06	09052012_R2_P20.tif	TREMIE	date 4	09/05/2012	2	20	Talle	NA	NA	17.8	1.3	16.5	13.8	2	0	0.15217	0.33217	0.54201	0.67833	0.81973	1.1261	1.266	1.2851	1.2324	1.1151	1.0435	0.98733	0.9434	1.0151	1.0154	1.0087	0.95742	0.78932	0.90519	0.98589
ABICHOU	Lamina2Shape	29-Aug-2012 16:29:06	09052012_R2_P20.tif	TREMIE	date 4	09/05/2012	2	20	Talle	NA	NA	24.9	1.6	27.1	22.3	2	0	0.09945	0.20387	0.22664	0.43206	0.74575	0.92788	1.0542	1.1161	1.1863	1.2565	1.2782	1.452	1.5453	1.5375	1.4747	1.4771	1.3816	1.3856	1.3031	1.191
ABICHOU	Lamina2Shape	29-Aug-2012 16:29:06	09052012_R2_P20.tif	TREMIE	date 4	09/05/2012	2	20	Talle	NA	NA	23.7	2	36.1	35.8	2	0	0.078417	0.2549	0.53311	0.89891	1.1779	1.3776	1.5459	1.7227	1.8272	1.8941	1.9125	1.9915	2.0225	1.9639	1.8614	1.7513	1.7746	1.7408	1.554	1.1913
ABICHOU	Lamina2Shape	29-Aug-2012 16:29:06	09052012_R2_P20.tif	TREMIE	date 4	09/05/2012	2	20	Talle	NA	NA	16.7	2.1	25.9	25.9	2	0	0.38454	0.3249	0.66685	0.99524	1.1848	1.342	1.5246	1.7091	1.8088	1.8413	1.9159	2.0139	2.1054	2.0696	2.0226	2.0164	1.9862	1.8427	1.624	1.3738
ABICHOU	Lamina2Shape	29-Aug-2012 16:29:06	09052012_R2_P20.tif	TREMIE	date 4	09/05/2012	2	20	Talle	NA	NA	16.6	0.9	10.9	7.4	2	0	0.17254	0.31002	0.38987	0.46856	0.51583	0.5645	0.60255	0.61545	0.657	0.68143	0.73816	0.81073	0.70765	0.78676	0.7982	0.78358	0.8087	0.89705	0.94519	0.83375
ABICHOU	Lamina2Shape	29-Aug-2012 16:29:06	09052012_R2_P20.tif	TREMIE	date 4	09/05/2012	2	20	Talle	NA	NA	21.7	1.6	26.8	26.5	2	0	0.16904	0.41545	0.61201	0.7611	0.87217	1.0336	1.178	1.3243	1.4324	1.5624	1.6441	1.6048	1.6036	1.5698	1.5152	1.5497	1.5402	1.4903	1.3926	0.92798
ABICHOU	Lamina2Shape	29-Aug-2012 16:29:06	09052012_R2_P20.tif	TREMIE	date 4	09/05/2012	2	20	Talle	NA	NA	18.8	1.7	23.4	23.4	2	0	0.073656	0.31358	0.47253	0.6411	0.74083	0.95216	1.1527	1.3405	1.4914	1.5175	1.5603	1.5884	1.5971	1.6573	1.671	1.6493	1.6251	1.5561	1.3765	1.1132
ABICHOU	Lamina2Shape	29-Aug-2012 16:29:06	09052012_R2_P20.tif	TREMIE	date 4	09/05/2012	2	20	Talle	NA	NA	11.5	1.4	11.7	11.7	2	0	0.057217	0.10091	0.16818	0.37634	0.5707	0.74872	0.94937	1.1284	1.2343	1.28	1.3183	1.3679	1.4083	1.3717	1.3332	1.2839	1.249	1.1811	1.0853	0.98087
ABICHOU	Lamina2Shape	29-Aug-2012 16:29:06	09052012_R2_P20.tif	TREMIE	date 4	09/05/2012	2	20	Talle	NA	NA	21.4	1.2	14	12.4	2	0	0.11869	0.22036	0.31516	0.3274	0.41599	0.53691	0.59003	0.6022	0.61505	0.6104	0.60922	0.68213	0.82999	0.87056	0.99958	1.1021	1.1648	1.0682	0.80023	0.587
ABICHOU	Lamina2Shape	29-Aug-2012 16:29:06	09052012_R2_P20.tif	TREMIE	date 4	09/05/2012	2	20	MB	13	13	12.9	2	18	18	1	0	0.13354	0.28245	0.50306	0.69413	0.83873	0.99138	1.1575	1.3764	1.6041	1.7897	1.86	1.9255	1.9793	1.9839	1.95	1.8678	1.7459	1.5496	1.3763	1.0225
ABICHOU	Lamina2Shape	29-Aug-2012 16:29:06	09052012_R2_P20.tif	TREMIE	date 4	09/05/2012	2	20	MB	12	13	21.4	1.7	28.6	28.5	1	0	0.22449	0.55804	0.75017	0.90237	1.1375	1.3369	1.4833	1.5552	1.5716	1.5596	1.565	1.5397	1.5102	1.5398	1.602	1.6755	1.7541	1.6625	1.4761	1.1875
ABICHOU	Lamina2Shape	29-Aug-2012 16:29:06	09052012_R2_P20.tif	TREMIE	date 4	09/05/2012	2	20	MB	11	13	22.2	1.6	24.6	23.3	2	0	0.08891	0.30155	0.47747	0.62432	0.72994	0.87041	1.0202	1.1845	1.252	1.322	1.3183	1.3173	1.3606	1.4279	1.566	1.5185	1.4168	1.3559	1.3099	1.0555
ABICHOU	Lamina2Shape	29-Aug-2012 16:29:06	09052012_R2_P20.tif	TREMIE	date 4	09/05/2012	2	20	MB	10	13	21.2	1.2	17.6	15.1	2	0	0.057429	0.10326	0.29987	0.40336	0.46472	0.65241	0.80012	0.95331	0.90637	0.91078	0.94774	1.008	1.0614	1.2123	1.2332	1.1633	1.0912	1.0116	1.0431	0.69637
ABICHOU	Lamina2Shape	29-Aug-2012 16:29:06	09052012_R2_P20.tif	TREMIE	date 4	09/05/2012	2	20	MB	9	13	17.5	0.9	10.6	0.7	3	0	0.07921	0.21153	0.25335	0.27677	0.36221	0.48775	0.61461	0.63716	0.73778	0.79572	0.85983	0.75741	0.6395	0.69354	0.70806	0.76066	0.8306	0.85301	0.8527	0.37185
ABICHOU	Lamina2Shape	29-Aug-2012 16:34:52	09052012_R3_P21.tif	TREMIE	date 4	09/05/2012	3	21	MB	13	13	14.8	2	21.9	21.9	1	0	0.14852	0.30009	0.60877	0.87616	1.0829	1.2577	1.3726	1.5118	1.6238	1.7643	1.8937	1.9454	1.9857	2.021	2.0132	1.9683	1.8887	1.741	1.5607	1.4469
ABICHOU	Lamina2Shape	29-Aug-2012 16:34:52	09052012_R3_P21.tif	TREMIE	date 4	09/05/2012	3	21	MB	12	13	23.4	1.8	31.3	31.3	1	0	0.067286	0.30299	0.57045	0.8034	0.85987	1.182	1.3538	1.4719	1.552	1.643	1.692	1.7377	1.7857	1.7806	1.7762	1.7212	1.6719	1.6364	1.4433	1.1854
ABICHOU	Lamina2Shape	29-Aug-2012 16:34:52	09052012_R3_P21.tif	TREMIE	date 4	09/05/2012	3	21	MB	11	13	21	1.7	27.4	27.1	1	0	0.15736	0.42875	0.56552	0.76531	0.95701	1.2348	1.4229	1.5301	1.6062	1.6541	1.6595	1.6597	1.6491	1.5933	1.5444	1.5422	1.5613	1.4996	1.3918	1.1029
ABICHOU	Lamina2Shape	29-Aug-2012 16:34:52	09052012_R3_P21.tif	TREMIE	date 4	09/05/2012	3	21	MB	10	13	22.4	1.4	22.5	21.2	2	0	0.060191	0.1679	0.38167	0.56423	0.6686	0.80074	0.95349	0.96553	1.0625	1.1805	1.279	1.3752	1.3536	1.4346	1.4476	1.395	1.3631	1.3326	1.2183	0.6194
ABICHOU	Lamina2Shape	29-Aug-2012 16:34:52	09052012_R3_P21.tif	TREMIE	date 4	09/05/2012	3	21	MB	9	13	18.7	1.1	12.4	11.5	2	0	0.10109	0.17466	0.24269	0.2391	0.27596	0.34419	0.4592	0.57319	0.6568	0.71919	0.75565	0.84035	0.9337	0.99102	1.1004	1.0903	1.0207	1.0009	0.95103	0.69615
ABICHOU	Lamina2Shape	29-Aug-2012 16:34:52	09052012_R3_P21.tif	TREMIE	date 4	09/05/2012	3	21	Talle	NA	NA	10.2	0.3	2.1	0.4	3	0	0.1408	0.14315	0.13976	0.20482	0.29446	0.28822	0.24812	0.27157	0.31402	0.29958	0.31215	0.27787	0.23659	0.19326	0.19129	0.14381	0.11192	0.087899	0.092647	0.034156
ABICHOU	Lamina2Shape	29-Aug-2012 16:34:52	09052012_R3_P21.tif	TREMIE	date 4	09/05/2012	3	21	Talle	NA	NA	15.9	0.8	9.8	9.7	2	0	0.1529	0.32451	0.37185	0.49027	0.56102	0.67217	0.72477	0.75062	0.77425	0.79268	0.77945	0.77386	0.73063	0.76714	0.75865	0.72367	0.70368	0.65494	0.57047	0.47837
ABICHOU	Lamina2Shape	29-Aug-2012 16:34:52	09052012_R3_P21.tif	TREMIE	date 4	09/05/2012	3	21	Talle	NA	NA	16.7	1	12.4	12.4	2	0	0.031625	0.19526	0.37374	0.41756	0.47327	0.63959	0.74193	0.81461	0.89348	0.92876	0.9731	0.98239	0.96321	1.0121	0.95462	0.91128	0.90149	0.85362	0.60807	0.49586
ABICHOU	Lamina2Shape	29-Aug-2012 16:34:52	09052012_R3_P21.tif	TREMIE	date 4	09/05/2012	3	21	Talle	NA	NA	8.1	0.5	3.1	2.7	2	0	0.065306	0.22386	0.25694	0.30406	0.32947	0.32353	0.39626	0.4345	0.45954	0.47836	0.48981	0.49867	0.50383	0.49976	0.48971	0.46216	0.42885	0.40603	0.33606	0.23259
ABICHOU	Lamina2Shape	29-Aug-2012 16:38:56	09052012_R3_P22.tif	TREMIE	date 4	09/05/2012	3	22	MB	9	13	16.7	0.6	7.6	0.3	3	0	0.13111	0.22308	0.24803	0.39931	0.48815	0.36971	0.51466	0.59073	0.51462	0.53307	0.61239	0.52072	0.50821	0.57923	0.52722	0.56205	0.53376	0.48567	0.45012	0.35789
ABICHOU	Lamina2Shape	29-Aug-2012 16:38:56	09052012_R3_P22.tif	TREMIE	date 4	09/05/2012	3	22	MB	10	13	21.4	1.2	19.1	17.1	2	0	0.0839	0.28183	0.45662	0.54293	0.60259	0.80915	0.95834	1.0807	1.1285	1.1043	1.0299	0.98297	1.0002	1.0919	1.2071	1.2104	1.1163	1.038	1.0243	0.51463
ABICHOU	Lamina2Shape	29-Aug-2012 16:38:56	09052012_R3_P22.tif	TREMIE	date 4	09/05/2012	3	22	MB	11	13	21.2	1.6	25.8	25.1	1	0	0.061459	0.18633	0.39178	0.59922	0.7767	0.95794	1.1473	1.2877	1.4698	1.6023	1.6332	1.6162	1.5942	1.6053	1.5567	1.5553	1.5259	1.4773	1.3332	0.94733
ABICHOU	Lamina2Shape	29-Aug-2012 16:38:56	09052012_R3_P22.tif	TREMIE	date 4	09/05/2012	3	22	MB	12	13	21.6	1.6	27	27	1	0	0.18708	0.48667	0.67851	0.7768	0.93955	1.1718	1.2116	1.2654	1.4571	1.5045	1.5768	1.6129	1.6092	1.5918	1.6219	1.5651	1.5395	1.5013	1.3459	1.0279
ABICHOU	Lamina2Shape	29-Aug-2012 16:38:56	09052012_R3_P22.tif	TREMIE	date 4	09/05/2012	3	22	MB	13	13	13.9	1.9	19.6	19.6	1	0	0.36397	0.46954	0.78665	1.0058	1.168	1.2882	1.3886	1.4851	1.6173	1.7131	1.796	1.8494	1.8859	1.8858	1.869	1.8114	1.7189	1.5418	1.3544	1.0844
ABICHOU	Lamina2Shape	29-Aug-2012 16:38:56	09052012_R3_P22.tif	TREMIE	date 4	09/05/2012	3	22	Talle	NA	NA	11.4	1.4	14.7	14.5	2	0	1.0046	1.0462	1.1639	1.2587	1.3225	1.3523	1.3943	1.3741	1.3338	1.3646	1.347	1.3739	1.35	1.3577	1.3355	1.331	1.2927	1.2185	1.0665	0.93832
ABICHOU	Lamina2Shape	29-Aug-2012 16:38:56	09052012_R3_P22.tif	TREMIE	date 4	09/05/2012	3	22	Talle	NA	NA	11.7	1.5	11.1	11.1	2	0	0.044522	0.087814	0.24529	0.33282	0.47916	0.62506	0.74244	0.80839	0.90481	0.9785	1.0827	1.2109	1.3148	1.3892	1.4654	1.5416	1.4626	1.3137	1.09	0.80686
ABICHOU	Lamina2Shape	30-Aug-2012 09:22:38	09052012_R3_P23.tif	TREMIE	date 4	09/05/2012	3	23	MB	13	13	12.7	1.9	17.9	17.9	1	0	0.026218	0.096361	0.23838	0.54164	0.80802	1.0574	1.2317	1.3705	1.4862	1.5684	1.6468	1.726	1.7699	1.8788	1.8863	1.882	1.8254	1.7078	1.5083	1.3858
ABICHOU	Lamina2Shape	30-Aug-2012 09:22:38	09052012_R3_P23.tif	TREMIE	date 4	09/05/2012	3	23	MB	12	13	18.5	1.7	22.9	22.9	1	0	0.052013	0.21225	0.45442	0.63005	0.78253	1.1455	1.2771	1.3333	1.3919	1.4686	1.5388	1.5019	1.4974	1.6268	1.6638	1.6297	1.6116	1.5037	1.3398	0.89715
ABICHOU	Lamina2Shape	30-Aug-2012 09:22:38	09052012_R3_P23.tif	TREMIE	date 4	09/05/2012	3	23	MB	11	13	19.7	1.6	24.1	24	1	0	0.17034	0.41903	0.61561	0.7793	1.0055	1.1991	1.298	1.3798	1.4658	1.5258	1.5493	1.5508	1.5159	1.4994	1.4418	1.4519	1.4421	1.4047	1.2982	0.87989
ABICHOU	Lamina2Shape	30-Aug-2012 09:22:38	09052012_R3_P23.tif	TREMIE	date 4	09/05/2012	3	23	MB	10	13	20.7	1.3	20.9	20.4	1	0	0.10802	0.26147	0.47084	0.56984	0.76037	0.87145	0.98372	1.0833	1.1306	1.2125	1.2649	1.3067	1.3299	1.3378	1.2973	1.2758	1.1619	1.2416	1.1721	0.75809
ABICHOU	Lamina2Shape	30-Aug-2012 09:22:38	09052012_R3_P23.tif	TREMIE	date 4	09/05/2012	3	23	MB	9	13	16.8	1	13	11.6	2	0	0.13471	0.30401	0.4054	0.50978	0.67165	0.76959	0.78954	0.83342	0.88587	0.91448	1.0167	1.0301	1.052	0.98481	0.93957	0.92557	0.89437	0.84631	0.78882	0.63814
ABICHOU	Lamina2Shape	30-Aug-2012 09:22:38	09052012_R3_P23.tif	TREMIE	date 4	09/05/2012	3	23	Talle	NA	NA	13.8	0.4	2.8	0.3	2	0	0.049272	0.14692	0.095537	0.10907	0.16514	0.31287	0.25439	0.25843	0.29062	0.23016	0.21392	0.36092	0.29293	0.27612	0.49045	0.18184	0.13156	0.18741	0.10773	0.085949
ABICHOU	Lamina2Shape	30-Aug-2012 09:22:38	09052012_R3_P23.tif	TREMIE	date 4	09/05/2012	3	23	Talle	NA	NA	20.9	0.7	7.7	7.1	2	0	0.053963	0.13813	0.19035	0.14424	0.13755	0.15592	0.20565	0.29497	0.36308	0.40987	0.48097	0.55207	0.55642	0.50059	0.54443	0.61672	0.66709	0.58983	0.46849	0.1612
ABICHOU	Lamina2Shape	30-Aug-2012 09:30:11	09052012_R3_P24.tif	TREMIE	date 4	09/05/2012	3	24	MB	9	13	18.9	0.9	11.4	2.9	2	0	0.077592	0.11529	0.18903	0.29791	0.33686	0.42518	0.44111	0.48558	0.63014	0.77417	0.81601	0.77771	0.83944	0.92883	0.9418	0.89624	0.78347	0.75457	0.88415	0.8293
ABICHOU	Lamina2Shape	30-Aug-2012 09:30:11	09052012_R3_P24.tif	TREMIE	date 4	09/05/2012	3	24	MB	10	13	22.8	1.4	21.7	16.2	2	0	0.15106	0.23338	0.58922	0.76653	0.91574	0.98811	0.98624	1.0314	1.0245	0.98711	1.0644	1.1243	1.1476	1.2457	1.3136	1.3589	1.3082	1.2338	1.1435	0.96515
ABICHOU	Lamina2Shape	30-Aug-2012 09:30:11	09052012_R3_P24.tif	TREMIE	date 4	09/05/2012	3	24	MB	11	13	20	1.7	25.7	25.4	1	0	0.17311	0.39839	0.60501	0.74338	0.89821	1.0935	1.2699	1.5096	1.606	1.6653	1.6496	1.5945	1.6107	1.5574	1.5579	1.5453	1.5578	1.5452	1.4114	0.89975
ABICHOU	Lamina2Shape	30-Aug-2012 09:30:11	09052012_R3_P24.tif	TREMIE	date 4	09/05/2012	3	24	MB	12	13	19.5	1.7	25	24.9	1	0	0.35838	0.40559	0.58504	0.65102	1.0016	1.2005	1.3748	1.4317	1.4939	1.593	1.5613	1.4792	1.5941	1.6596	1.6693	1.6554	1.587	1.5232	1.3819	1.0626
ABICHOU	Lamina2Shape	30-Aug-2012 09:30:11	09052012_R3_P24.tif	TREMIE	date 4	09/05/2012	3	24	MB	13	13	11.8	1.9	16.8	16.8	1	0	0.05862	0.11867	0.33533	0.60209	0.84226	1.0181	1.194	1.3735	1.5239	1.6344	1.7539	1.844	1.8912	1.8811	1.8663	1.8512	1.7749	1.6262	1.4495	1.3919
ABICHOU	Lamina2Shape	30-Aug-2012 09:30:11	09052012_R3_P24.tif	TREMIE	date 4	09/05/2012	3	24	Talle	NA	NA	16	0.8	9.8	8.7	2	0	0.089185	0.26142	0.35194	0.39562	0.4981	0.6063	0.66137	0.74547	0.79166	0.82404	0.79465	0.83543	0.83952	0.79554	0.75304	0.65874	0.65931	0.58047	0.53657	0.39049
ABICHOU	Lamina2Shape	30-Aug-2012 09:30:11	09052012_R3_P24.tif	TREMIE	date 4	09/05/2012	3	24	Talle	NA	NA	14.9	0.3	2.8	1.4	2	0	0.050632	0.027961	0.07384	0.36305	0.12798	0.11301	0.15108	0.15555	0.17809	0.25448	0.27465	0.18309	0.25042	0.29146	0.29372	0.28911	0.27932	0.26604	0.22143	0.088241
ABICHOU	Lamina2Shape	30-Aug-2012 09:30:11	09052012_R3_P24.tif	TREMIE	date 4	09/05/2012	3	24	Talle	NA	NA	20.7	1.1	12.7	9	2	0	0.11889	0.11788	0.15412	0.17052	0.22936	0.32936	0.44213	0.61219	0.63316	0.62113	0.63399	0.73255	0.78152	0.91304	1.0465	1.1308	1.1543	1.1208	0.961	0.65561
ABICHOU	Lamina2Shape	30-Aug-2012 09:30:11	09052012_R3_P24.tif	TREMIE	date 4	09/05/2012	3	24	Talle	NA	NA	14.5	2.1	21.9	21.9	2	0	0.069357	0.14249	0.35199	0.67555	0.93324	1.1528	1.3249	1.4673	1.6288	1.7998	1.9195	1.9976	2.0595	2.0946	2.0866	2.0165	1.8889	1.7281	1.5561	1.2655
ABICHOU	Lamina2Shape	30-Aug-2012 09:30:11	09052012_R3_P24.tif	TREMIE	date 4	09/05/2012	3	24	Talle	NA	NA	23.2	1.7	31.8	31.8	2	0	0.1348	0.29858	0.58784	0.857	1.1212	1.2825	1.4603	1.563	1.6429	1.7029	1.7347	1.7079	1.7304	1.7503	1.7366	1.6815	1.6465	1.6277	1.4925	1.2484
ABICHOU	Lamina2Shape	30-Aug-2012 09:30:11	09052012_R3_P24.tif	TREMIE	date 4	09/05/2012	3	24	Talle	NA	NA	23.5	1.5	24.2	23.3	2	0	0.03739	0.11747	0.12161	0.21641	0.41924	0.69286	0.93306	1.0991	1.2354	1.3706	1.4413	1.4542	1.4373	1.4558	1.4263	1.4262	1.4412	1.405	1.303	1.1365
ABICHOU	Lamina2Shape	30-Aug-2012 09:37:22	09052012_R3_P25.tif	TREMIE	date 4	09/05/2012	3	25	MB	13	13	14	1.7	17.9	17.9	1	0	0.036287	0.25774	0.38496	0.70151	0.88825	1.0267	1.1462	1.2542	1.3602	1.44	1.5136	1.5917	1.7162	1.7368	1.7204	1.7464	1.7512	1.4912	1.1066	0.66458
ABICHOU	Lamina2Shape	30-Aug-2012 09:37:22	09052012_R3_P25.tif	TREMIE	date 4	09/05/2012	3	25	MB	12	13	20.3	1.5	23.7	23.5	1	0	0.14402	0.38921	0.5866	0.68184	0.9243	1.1547	1.2926	1.4075	1.4603	1.4833	1.437	1.4454	1.518	1.438	1.3399	1.3321	1.3184	1.2857	1.1848	0.87362
ABICHOU	Lamina2Shape	30-Aug-2012 09:37:22	09052012_R3_P25.tif	TREMIE	date 4	09/05/2012	3	25	MB	11	13	21.3	1.4	20.2	19.9	2	0	0.057544	0.1847	0.28243	0.37925	0.49315	0.66283	0.88018	0.99072	1.0611	1.0999	1.1931	1.2756	1.2752	1.3814	1.3451	1.3667	1.2659	1.3052	1.1672	0.59986
ABICHOU	Lamina2Shape	30-Aug-2012 09:37:22	09052012_R3_P25.tif	TREMIE	date 4	09/05/2012	3	25	MB	10	13	23.1	1	16.2	14.8	2	0	0.14282	0.16378	0.33058	0.45415	0.52715	0.67069	0.70492	0.75066	0.86387	0.96729	1.016	0.94153	0.83045	0.82093	0.9515	0.92317	0.87856	0.85312	0.78837	0.4041
ABICHOU	Lamina2Shape	30-Aug-2012 09:37:22	09052012_R3_P25.tif	TREMIE	date 4	09/05/2012	3	25	MB	9	13	18.1	0.7	9	6.1	3	0	0.099041	0.23197	0.11139	0.1362	0.3266	0.59002	0.66493	0.62278	0.60982	0.57288	0.60663	0.69103	0.68247	0.56591	0.52452	0.52516	0.56986	0.59097	0.64881	0.51352
ABICHOU	Lamina2Shape	30-Aug-2012 09:37:22	09052012_R3_P25.tif	TREMIE	date 4	09/05/2012	3	25	Talle	NA	NA	17	0.3	3.2	2.1	2	0	0.163	0.18376	0.22166	0.27973	0.32737	0.27816	0.26895	0.2531	0.23031	0.2494	0.20946	0.17287	0.15661	0.13317	0.14056	0.12449	0.060144	0.11101	0.040999	0.033344
ABICHOU	Lamina2Shape	30-Aug-2012 09:37:22	09052012_R3_P25.tif	TREMIE	date 4	09/05/2012	3	25	Talle	NA	NA	21	0.5	7	6.3	2	0	0.04504	0.12147	0.15081	0.078407	0.17528	0.25121	0.29813	0.37201	0.42578	0.46796	0.47943	0.47525	0.43338	0.44258	0.42001	0.48129	0.43923	0.3929	0.43851	0.22451
ABICHOU	Lamina2Shape	30-Aug-2012 09:37:22	09052012_R3_P25.tif	TREMIE	date 4	09/05/2012	3	25	Talle	NA	NA	13.7	0.9	9.9	9.9	2	0	0.39437	0.53317	0.60886	0.70069	0.76344	0.80844	0.81389	0.81902	0.85667	0.875	0.84151	0.78056	0.73456	0.76759	0.79611	0.73784	0.68626	0.66595	0.64224	0.57971
ABICHOU	Lamina2Shape	30-Aug-2012 09:37:22	09052012_R3_P25.tif	TREMIE	date 4	09/05/2012	3	25	Talle	NA	NA	15.9	1	12.9	12.9	2	0	0.17998	0.32938	0.53419	0.60165	0.67599	0.72607	0.86231	0.94622	0.97735	1.0233	0.98614	0.95389	0.93665	0.95987	0.95051	0.98263	0.94912	0.88887	0.81476	0.66699
ABICHOU	Lamina2Shape	30-Aug-2012 09:37:22	09052012_R3_P25.tif	TREMIE	date 4	09/05/2012	3	25	Talle	NA	NA	14.2	0.9	9.5	9.5	2	0	0.05334	0.10625	0.24192	0.33113	0.38589	0.44403	0.51734	0.64342	0.7568	0.84868	0.87691	0.9005	0.90843	0.91253	0.91653	0.91365	0.8875	0.86552	0.83934	0.71413
ABICHOU	Lamina2Shape	30-Aug-2012 09:37:22	09052012_R3_P25.tif	TREMIE	date 4	09/05/2012	3	25	Talle	NA	NA	13.6	0.3	2.8	0.3	2	0	0.060861	0.085173	0.092767	0.13113	0.16259	0.18792	0.1755	0.19216	0.21487	0.22936	0.26558	0.25692	0.26481	0.25387	0.25035	0.25163	0.27534	0.29407	0.34476	0.14704
ABICHOU	Lamina2Shape	30-Aug-2012 09:37:22	09052012_R3_P25.tif	TREMIE	date 4	09/05/2012	3	25	Talle	NA	NA	19.7	0.7	9.2	9.2	2	0	0.086346	0.092412	0.083447	0.18842	0.34851	0.42504	0.4929	0.5657	0.55454	0.63812	0.65761	0.64964	0.57811	0.55469	0.62339	0.64483	0.61859	0.56499	0.54496	0.34473
ABICHOU	Lamina2Shape	30-Aug-2012 09:37:22	09052012_R3_P25.tif	TREMIE	date 4	09/05/2012	3	25	Talle	NA	NA	17.7	1	11.9	11.8	2	0	0.036668	0.10893	0.22106	0.34336	0.45598	0.59463	0.70547	0.81135	0.87735	0.94151	0.94618	0.90508	0.89623	0.86468	0.82464	0.76281	0.78435	0.75055	0.61569	0.41788
ABICHOU	Lamina2Shape	30-Aug-2012 09:37:22	09052012_R3_P25.tif	TREMIE	date 4	09/05/2012	3	25	Talle	NA	NA	17.1	0.9	12.6	12.6	2	0	0.11374	0.32725	0.47381	0.55728	0.6565	0.74727	0.83249	0.87214	0.92114	0.93614	0.91518	0.85524	0.85796	0.92885	0.93496	0.82345	0.75774	0.67352	0.5887	0.5304
ABICHOU	Lamina2Shape	30-Aug-2012 09:37:22	09052012_R3_P25.tif	TREMIE	date 4	09/05/2012	3	25	Talle	NA	NA	1.8	0.1	0.1	0.1	2	0	0.015361	0.026968	0.039012	0.053209	0.051998	0.055204	0.060153	0.069778	0.069394	0.073871	0.078613	0.082094	0.084927	0.093718	0.0945	0.097415	0.097452	0.094882	0.077188	0.069969
ABICHOU	Lamina2Shape	30-Aug-2012 09:37:22	09052012_R3_P25.tif	TREMIE	date 4	09/05/2012	3	25	Talle	NA	NA	18.7	0.7	5.9	2.4	2	0	0.08159	0.10605	0.125	0.16586	0.28263	0.15678	0.14664	0.17626	0.19998	0.22626	0.30708	0.32981	0.40592	0.46283	0.54547	0.61593	0.66826	0.58913	0.50714	0.1998
ABICHOU	Lamina2Shape	30-Aug-2012 11:04:18	09052012_R3_P26.tif	TREMIE	date 4	09/05/2012	3	26	Talle	NA	NA	19.6	1.5	23.5	23.5	2	0	0.19448	0.48141	0.63029	0.72104	0.98882	1.1368	1.218	1.2998	1.3832	1.4442	1.4738	1.4889	1.5318	1.5357	1.4747	1.4706	1.4967	1.4823	1.352	0.99138
ABICHOU	Lamina2Shape	30-Aug-2012 11:04:18	09052012_R3_P26.tif	TREMIE	date 4	09/05/2012	3	26	Talle	NA	NA	21.7	1.1	19.5	18	2	0	0.15437	0.19957	0.36904	0.52439	0.71567	0.89411	0.99148	1.0528	1.1373	1.1267	1.0617	1.0559	1.0444	1.0338	1.0826	1.1329	1.137	1.0978	1.104	0.75242
ABICHOU	Lamina2Shape	30-Aug-2012 11:04:18	09052012_R3_P26.tif	TREMIE	date 4	09/05/2012	3	26	Talle	NA	NA	22.1	1.5	26.5	26.2	2	0	0.14107	0.36758	0.54824	0.7469	0.95232	1.0904	1.2055	1.2794	1.4006	1.4477	1.484	1.5013	1.538	1.5038	1.4369	1.4315	1.4321	1.4065	1.3023	1.0231
ABICHOU	Lamina2Shape	30-Aug-2012 11:04:18	09052012_R3_P26.tif	TREMIE	date 4	09/05/2012	3	26	Talle	NA	NA	12.9	1.9	18.2	18.2	2	0	0.038487	0.11129	0.31122	0.58759	0.83713	1.0759	1.2238	1.3396	1.4596	1.5941	1.7324	1.8169	1.877	1.9027	1.8865	1.8593	1.7822	1.6474	1.4893	1.2499
ABICHOU	Lamina2Shape	30-Aug-2012 11:04:18	09052012_R3_P26.tif	TREMIE	date 4	09/05/2012	3	26	MB	9	13	19.1	1.2	15	10.3	3	0	0.095046	0.63495	0.23311	0.22609	0.29402	0.47523	0.61623	0.6943	0.7377	0.84316	1.0006	1.0579	1.0911	1.0639	1.171	1.2507	1.2288	1.202	1.1122	0.93573
ABICHOU	Lamina2Shape	30-Aug-2012 11:04:18	09052012_R3_P26.tif	TREMIE	date 4	09/05/2012	3	26	MB	10	13	23.5	1.4	22	20.1	2	0	0.079891	0.11153	0.1675	0.15443	0.3331	0.53825	0.74851	0.94826	1.0616	1.192	1.2921	1.4376	1.3906	1.4117	1.4172	1.3923	1.374	1.3322	1.2783	0.83131
ABICHOU	Lamina2Shape	30-Aug-2012 11:04:18	09052012_R3_P26.tif	TREMIE	date 4	09/05/2012	3	26	MB	11	13	22	1.6	28.8	28.7	1	0	0.14893	0.27585	0.51322	0.72252	0.97477	1.2037	1.3847	1.516	1.5625	1.5955	1.6076	1.6158	1.5763	1.6051	1.5819	1.5824	1.5798	1.5587	1.4454	1.1701
ABICHOU	Lamina2Shape	30-Aug-2012 11:04:18	09052012_R3_P26.tif	TREMIE	date 4	09/05/2012	3	26	MB	12	13	18.1	1.7	23.7	23.7	1	0	0.013662	0.27284	0.34743	0.55274	0.81457	1.1465	1.3033	1.3914	1.4713	1.4987	1.6043	1.6268	1.6562	1.7258	1.7485	1.7313	1.6845	1.6031	1.4368	1.0039
ABICHOU	Lamina2Shape	30-Aug-2012 11:04:18	09052012_R3_P26.tif	TREMIE	date 4	09/05/2012	3	26	MB	13	13	11.2	1.8	15.1	15.1	1	0	0.082118	0.096647	0.2542	0.46203	0.71332	0.94119	1.153	1.3374	1.45	1.5502	1.6261	1.6986	1.7584	1.8026	1.8091	1.7744	1.7313	1.6503	1.4848	1.3369
ABICHOU	Lamina2Shape	30-Aug-2012 11:04:18	09052012_R3_P26.tif	TREMIE	date 4	09/05/2012	3	26	Talle	NA	NA	22.5	1.2	17.2	7	2	0	0.22108	0.30394	0.38279	0.45562	0.52337	0.68673	0.79553	0.84449	0.9588	1.0021	1.1034	1.1421	1.1923	1.1794	1.1189	0.97245	0.88237	0.74021	0.57255	0.46743
ABICHOU	Lamina2Shape	30-Aug-2012 11:04:18	09052012_R3_P26.tif	TREMIE	date 4	09/05/2012	3	26	Talle	NA	NA	10.8	1.7	13.9	13.9	2	0	0.10912	0.19853	0.44151	0.7057	0.92715	1.1071	1.2481	1.3485	1.4251	1.4924	1.5786	1.5953	1.6233	1.6611	1.6691	1.6455	1.6205	1.5253	1.376	1.2212
ABICHOU	Lamina2Shape	30-Aug-2012 11:04:18	09052012_R3_P26.tif	TREMIE	date 4	09/05/2012	3	26	Talle	NA	NA	16.8	1.7	21.6	21.6	2	0	0.039112	0.22612	0.45296	0.65434	0.94756	1.1597	1.2638	1.3481	1.4162	1.4747	1.5171	1.5567	1.6259	1.6844	1.7012	1.6814	1.6565	1.5591	1.3969	1.0215
ABICHOU	Lamina2Shape	30-Aug-2012 11:04:18	09052012_R3_P26.tif	TREMIE	date 4	09/05/2012	3	26	Talle	NA	NA	21.2	1.6	26	25.8	2	0	0.10195	0.22081	0.51713	0.74607	0.97451	1.1325	1.2469	1.3399	1.4256	1.495	1.5594	1.5598	1.5706	1.5729	1.502	1.483	1.456	1.409	1.31	0.82267
ABICHOU	Lamina2Shape	30-Aug-2012 11:04:18	09052012_R3_P26.tif	TREMIE	date 4	09/05/2012	3	26	Talle	NA	NA	20.9	1.3	18.8	17.6	2	0	0.14922	0.31169	0.44888	0.55707	0.6882	0.7623	0.8579	0.9313	0.97821	0.97623	1.0467	1.1264	1.1243	1.1272	1.1419	1.2219	1.2512	1.2665	1.1755	0.89893
ABICHOU	Lamina2Shape	30-Aug-2012 11:04:18	09052012_R3_P26.tif	TREMIE	date 4	09/05/2012	3	26	Talle	NA	NA	17.7	0.9	9.3	3	2	0	0.1335	0.25445	0.33951	0.31749	0.36972	0.42709	0.50757	0.40774	0.38632	0.48096	0.39179	0.26515	0.51945	0.72564	0.84008	0.86752	0.91232	0.84726	0.8687	0.62698
ABICHOU	Lamina2Shape	30-Aug-2012 11:53:17	09052012_R3_P27.tif	TREMIE	date 4	09/05/2012	3	27	Talle	NA	NA	13.5	0.2	1.9	1.3	2	0	0.071398	0.095545	0.079978	0.1349	0.22786	0.24617	0.18775	0.1499	0.12724	0.18217	0.1375	0.135	0.13898	0.14399	0.15455	0.10864	0.12787	0.1216	0.14384	0.14163
ABICHOU	Lamina2Shape	30-Aug-2012 11:53:17	09052012_R3_P27.tif	TREMIE	date 4	09/05/2012	3	27	Talle	NA	NA	17.5	0.6	7.3	7.1	2	0	0.033595	0.089914	0.13001	0.19742	0.35355	0.47887	0.53347	0.49885	0.55003	0.5716	0.62261	0.57767	0.57437	0.59632	0.55178	0.57814	0.51889	0.45704	0.44799	0.20043
ABICHOU	Lamina2Shape	30-Aug-2012 11:53:17	09052012_R3_P27.tif	TREMIE	date 4	09/05/2012	3	27	Talle	NA	NA	14.6	1.6	16.2	16.2	2	0	0.024108	0.12368	0.31043	0.54054	0.69139	0.7951	0.91644	1.0219	1.1482	1.2013	1.278	1.3804	1.4824	1.5759	1.5789	1.5242	1.5021	1.4655	1.3127	1.0628
ABICHOU	Lamina2Shape	30-Aug-2012 11:53:17	09052012_R3_P27.tif	TREMIE	date 4	09/05/2012	3	27	Talle	NA	NA	23.1	1.6	28.3	28.2	2	0	0.1052	0.21076	0.57543	0.75388	0.71143	1.0512	1.2235	1.3435	1.4179	1.5543	1.5549	1.5937	1.6112	1.6358	1.6437	1.5612	1.5165	1.3707	1.1391	0.8915
ABICHOU	Lamina2Shape	30-Aug-2012 11:53:17	09052012_R3_P27.tif	TREMIE	date 4	09/05/2012	3	27	Talle	NA	NA	21.6	1.4	21.1	20.9	2	0	0.05262	0.15535	0.20286	0.35157	0.42128	0.653	0.97501	1.1552	1.2483	1.2667	1.2853	1.3554	1.3748	1.3568	1.2717	1.3573	1.4046	1.251	0.99995	0.68272
ABICHOU	Lamina2Shape	30-Aug-2012 11:53:17	09052012_R3_P27.tif	TREMIE	date 4	09/05/2012	3	27	Talle	NA	NA	21.4	1	12.9	12	2	0	0.18462	0.20057	0.15544	0.2615	0.28661	0.2893	0.36142	0.486	0.58046	0.66045	0.75388	0.83979	0.86968	0.92602	0.99617	0.97021	0.94273	1.0225	0.86181	0.6397
ABICHOU	Lamina2Shape	30-Aug-2012 11:53:17	09052012_R3_P27.tif	TREMIE	date 4	09/05/2012	3	27	Talle	NA	NA	9.8	0.6	3	1.5	2	0	0.19197	0.13716	0.17375	0.24313	0.25527	0.24678	0.24842	0.23306	0.22606	0.24838	0.25714	0.30552	0.35732	0.35086	0.36783	0.47504	0.53633	0.55344	0.52072	0.25053
ABICHOU	Lamina2Shape	30-Aug-2012 11:53:17	09052012_R3_P27.tif	TREMIE	date 4	09/05/2012	3	27	MB	13	13	12.2	1.4	13.3	13.3	1	0	0.12339	0.28605	0.47447	0.68456	0.86279	1.0362	1.1668	1.2486	1.3752	1.4095	1.3933	1.377	1.3721	1.3758	1.3766	1.3894	1.3508	1.2319	1.1224	0.96873
ABICHOU	Lamina2Shape	30-Aug-2012 11:53:17	09052012_R3_P27.tif	TREMIE	date 4	09/05/2012	3	27	MB	12	13	20.5	1.6	23.5	23.5	1	0	0.16145	0.40147	0.51619	0.60674	0.87563	1.0369	1.1739	1.2351	1.2607	1.3003	1.3374	1.4193	1.488	1.5069	1.5571	1.5953	1.5534	1.4997	1.2932	1.0308
ABICHOU	Lamina2Shape	30-Aug-2012 11:53:17	09052012_R3_P27.tif	TREMIE	date 4	09/05/2012	3	27	MB	11	13	20.2	1.4	22.9	22.8	1	0	0.078544	0.2019	0.49783	0.72527	0.93582	1.1493	1.3521	1.4391	1.4454	1.4207	1.4006	1.3443	1.3842	1.3829	1.321	1.3612	1.3833	1.3061	1.1303	0.65519
ABICHOU	Lamina2Shape	30-Aug-2012 11:53:17	09052012_R3_P27.tif	TREMIE	date 4	09/05/2012	3	27	MB	10	13	19.8	1.1	14.8	14.5	2	0	0.15161	0.195	0.30101	0.38435	0.42672	0.50067	0.62122	0.81622	0.89822	0.94266	0.99477	1.045	1.0823	1.0862	0.97906	0.80625	0.94891	0.99048	1.0633	0.69913
ABICHOU	Lamina2Shape	30-Aug-2012 11:53:17	09052012_R3_P27.tif	TREMIE	date 4	09/05/2012	3	27	MB	9	13	19.2	0.8	6.4	1.5	3	0	0.058039	0.11971	0.2017	0.42634	0.69426	0.48607	0.31092	0.27394	0.22729	0.24926	0.19908	0.2807	0.34322	0.34183	0.38241	0.54549	0.57418	0.68103	0.74087	0.25121
ABICHOU	Lamina2Shape	30-Aug-2012 11:53:17	09052012_R3_P27.tif	TREMIE	date 4	09/05/2012	3	27	Talle	NA	NA	16.5	1.3	14.7	14.7	3	0	0.077224	0.22631	0.36636	0.48313	0.61266	0.73794	0.80794	0.8492	0.91517	0.98005	1.0729	1.1599	1.2475	1.3217	1.3513	1.3225	1.2875	1.1211	0.9026	0.67201
ABICHOU	Lamina2Shape	30-Aug-2012 11:53:17	09052012_R3_P27.tif	TREMIE	date 4	09/05/2012	3	27	Talle	NA	NA	21.1	1.4	22.2	22.1	2	0	0.11467	0.27216	0.36076	0.68821	0.89342	1.0063	1.1358	1.2095	1.259	1.3011	1.3432	1.3789	1.3275	1.1975	1.3651	1.3826	1.3472	1.2752	1.1777	0.94431
ABICHOU	Lamina2Shape	30-Aug-2012 11:53:17	09052012_R3_P27.tif	TREMIE	date 4	09/05/2012	3	27	Talle	NA	NA	21.3	1.1	17.4	17.3	2	0	0.07867	0.18367	0.36761	0.50738	0.58707	0.68021	0.74565	0.84319	0.931	0.98831	1.0217	1.0987	1.0633	1.1191	1.1421	1.1565	0.9852	1.0023	0.82428	0.59486
ABICHOU	Lamina2Shape	30-Aug-2012 11:53:17	09052012_R3_P27.tif	TREMIE	date 4	09/05/2012	3	27	Talle	NA	NA	16.8	0.6	6.5	6.2	2	0	0.057463	0.12415	0.11685	0.1953	0.30417	0.37714	0.38619	0.35481	0.38298	0.40116	0.45195	0.52757	0.50842	0.50411	0.51957	0.60172	0.59693	0.55995	0.50722	0.30059
ABICHOU	Lamina2Shape	30-Aug-2012 11:58:50	09052012_R3_P28.tif	TREMIE	date 4	09/05/2012	3	28	MB	14	14	10.5	1.6	12.6	12.6	1	0	0.11141	0.23933	0.46237	0.69287	0.88029	1.0079	1.103	1.1901	1.2559	1.3183	1.3798	1.4529	1.5131	1.5743	1.6272	1.6318	1.5271	1.3887	1.1686	0.86721
ABICHOU	Lamina2Shape	30-Aug-2012 11:58:50	09052012_R3_P28.tif	TREMIE	date 4	09/05/2012	3	28	MB	13	14	16.8	1.7	22.4	22.3	1	0	0.041202	0.24621	0.46916	0.77943	1.0544	1.2125	1.3233	1.4177	1.4652	1.5379	1.5982	1.6584	1.6799	1.7038	1.708	1.666	1.6119	1.5164	1.3623	1.1078
ABICHOU	Lamina2Shape	30-Aug-2012 11:58:50	09052012_R3_P28.tif	TREMIE	date 4	09/05/2012	3	28	MB	12	14	20.1	1.5	23.6	23.6	1	0	0.19754	0.51071	0.68084	0.7983	0.99076	1.1814	1.2949	1.3818	1.4028	1.4468	1.4531	1.4669	1.4502	1.4566	1.3703	1.3973	1.396	1.368	1.2265	0.7021
ABICHOU	Lamina2Shape	30-Aug-2012 11:58:50	09052012_R3_P28.tif	TREMIE	date 4	09/05/2012	3	28	MB	13	14	21	1.4	21.3	20.9	2	0	0.071398	0.18873	0.43345	0.5684	0.60198	0.78876	0.93196	1.0084	1.0837	1.2136	1.2877	1.2987	1.249	1.1971	1.3293	1.3496	1.424	1.403	1.2833	1.0984
ABICHOU	Lamina2Shape	30-Aug-2012 11:58:50	09052012_R3_P28.tif	TREMIE	date 4	09/05/2012	3	28	MB	10	14	21.2	1.2	18.3	13.6	2	0	0.14463	0.30703	0.34958	0.39896	0.48242	0.64284	0.75983	1.0059	1.1207	1.1724	1.1108	1.0746	1.0668	1.0769	1.1584	1.0932	1.1166	1.1139	1.056	0.99692
ABICHOU	Lamina2Shape	30-Aug-2012 11:58:50	09052012_R3_P28.tif	TREMIE	date 4	09/05/2012	3	28	MB	9	14	39.1	0.9	6	0.2	3	0	0.15606	0.13956	0.091861	0.17237	0.15546	0.19103	0.25793	0.28349	0.36902	0.59478	0.49895	0.63178	0.54512	0.48012	0.40783	0.27537	0.24778	0.31848	0.48619	0.63674
ABICHOU	Lamina2Shape	30-Aug-2012 11:58:50	09052012_R3_P28.tif	TREMIE	date 4	09/05/2012	3	28	Talle	NA	NA	11	1.4	11.7	11.7	2	0	0.065802	0.18301	0.33835	0.54391	0.72465	0.90868	1.0665	1.1535	1.2184	1.2659	1.286	1.2644	1.272	1.3238	1.3636	1.3525	1.3127	1.2297	1.0495	0.72842
ABICHOU	Lamina2Shape	30-Aug-2012 11:58:50	09052012_R3_P28.tif	TREMIE	date 4	09/05/2012	3	28	Talle	NA	NA	15.4	1.5	17.5	17.5	2	0	0.025439	0.21534	0.44199	0.65622	0.84905	0.99709	1.1344	1.2383	1.3093	1.3541	1.4092	1.462	1.4426	1.4377	1.4465	1.3936	1.3297	1.2895	1.1584	0.95155
ABICHOU	Lamina2Shape	30-Aug-2012 11:58:50	09052012_R3_P28.tif	TREMIE	date 4	09/05/2012	3	28	Talle	NA	NA	19.3	1.3	19.8	19.7	2	0	0.062646	0.32407	0.54855	0.66525	0.73302	0.87688	0.99545	1.1105	1.2039	1.263	1.2823	1.2846	1.3093	1.3079	1.3052	1.2492	1.2244	1.1803	1.0508	0.62593
ABICHOU	Lamina2Shape	30-Aug-2012 11:58:50	09052012_R3_P28.tif	TREMIE	date 4	09/05/2012	3	28	Talle	NA	NA	22	1.2	18	17	2	0	0.11395	0.22182	0.16045	0.29468	0.52906	0.75308	0.85163	0.88821	0.8608	0.84656	0.97123	1.0485	1.085	1.2075	1.2473	1.2364	1.1872	1.0945	1.036	0.61463
ABICHOU	Lamina2Shape	30-Aug-2012 11:58:50	09052012_R3_P28.tif	TREMIE	date 4	09/05/2012	3	28	Talle	NA	NA	22.3	0.8	13.8	11.3	2	0	0.077691	0.14125	0.24396	0.136	0.39713	0.60943	0.68479	0.71944	0.78768	0.81535	0.80491	0.78986	0.78253	0.83984	0.79923	0.79078	0.83211	0.80423	0.67144	0.45852
ABICHOU	Lamina2Shape	30-Aug-2012 12:12:04	09052012_R3_P29.tif	TREMIE	date 4	09/05/2012	3	29	MB	9	13	21.3	0.9	10.2	9.1	2	0	0.049095	0.11401	0.13074	0.15176	0.22699	0.37638	0.32438	0.34925	0.36547	0.40317	0.42823	0.46055	0.61687	0.86621	0.9048	0.93579	0.90168	0.8235	0.7395	0.68037
ABICHOU	Lamina2Shape	30-Aug-2012 12:12:04	09052012_R3_P29.tif	TREMIE	date 4	09/05/2012	3	29	MB	10	13	21.8	1.4	19	18.1	2	0	0.11902	0.15492	0.15443	0.28162	0.46759	0.56636	0.71723	0.85047	0.98756	1.1595	1.2866	1.2876	1.2561	1.3107	1.2769	1.3779	1.2468	1.1531	0.92094	0.78289
ABICHOU	Lamina2Shape	30-Aug-2012 12:12:04	09052012_R3_P29.tif	TREMIE	date 4	09/05/2012	3	29	MB	11	13	23.3	1.4	24.6	24.4	1	0	0.082473	0.15299	0.35642	0.61435	0.77473	0.93329	1.1206	1.2241	1.2868	1.3497	1.4007	1.3701	1.3575	1.2992	1.219	1.2008	1.3198	1.2701	1.211	0.86837
ABICHOU	Lamina2Shape	30-Aug-2012 12:12:04	09052012_R3_P29.tif	TREMIE	date 4	09/05/2012	3	29	MB	12	13	20.6	1.7	26.2	26.1	1	0	0.09507	0.2568	0.58573	0.66674	0.90333	1.104	1.189	1.3143	1.4117	1.5351	1.6463	1.6763	1.5827	1.5889	1.68	1.6588	1.6188	1.5328	1.3685	1.1202
ABICHOU	Lamina2Shape	30-Aug-2012 12:12:04	09052012_R3_P29.tif	TREMIE	date 4	09/05/2012	3	29	MB	13	13	12.4	1.5	13.1	13.1	1	0	0.030077	0.11746	0.2011	0.39143	0.59656	0.7586	0.91553	1.0068	1.1062	1.1528	1.2069	1.2522	1.3113	1.3915	1.4629	1.5227	1.5317	1.4316	1.2567	0.99219
ABICHOU	Lamina2Shape	30-Aug-2012 12:12:04	09052012_R3_P29.tif	TREMIE	date 4	09/05/2012	3	29	Talle	NA	NA	15	0.6	5.9	5.9	2	0	0.070436	0.046255	0.13356	0.21797	0.2768	0.38121	0.47425	0.54204	0.54292	0.56049	0.52848	0.53008	0.4993	0.46394	0.48645	0.47414	0.44593	0.44026	0.41342	0.38479
ABICHOU	Lamina2Shape	30-Aug-2012 12:12:04	09052012_R3_P29.tif	TREMIE	date 4	09/05/2012	3	29	Talle	NA	NA	19.7	1.2	19.1	19	2	0	0.098884	0.35159	0.62591	0.77539	0.85724	0.93696	0.99111	1.0681	1.0949	1.1617	1.1878	1.1816	1.1932	1.1316	1.0727	1.0926	1.1742	1.162	1.004	0.82221
ABICHOU	Lamina2Shape	30-Aug-2012 12:12:04	09052012_R3_P29.tif	TREMIE	date 4	09/05/2012	3	29	Talle	NA	NA	20.9	0.9	13	13	2	0	0.080076	0.19981	0.22947	0.29251	0.39333	0.48856	0.56395	0.62534	0.69169	0.76732	0.85505	0.89908	0.90921	0.92552	0.89364	0.83288	0.79878	0.73297	0.6829	0.52087
ABICHOU	Lamina2Shape	30-Aug-2012 12:12:04	09052012_R3_P29.tif	TREMIE	date 4	09/05/2012	3	29	Talle	NA	NA	10.7	1	6.4	6.4	2	0	0.1166	0.18519	0.29947	0.38339	0.44561	0.49253	0.52466	0.55397	0.58176	0.62666	0.65392	0.69767	0.74272	0.79384	0.83213	0.8766	0.91858	0.94607	0.98144	0.80421
ABICHOU	Lamina2Shape	30-Aug-2012 12:19:53	09052012_R3_P30.tif	TREMIE	date 4	09/05/2012	3	30	MB	10	13	21.4	1.3	17.3	14	2	0	0.12683	0.18425	0.25101	0.18128	0.44989	0.57873	0.61583	0.79911	0.82896	0.81976	0.74652	0.95879	1.1735	1.2777	1.2245	1.3003	1.2902	1.2438	1.208	0.792
ABICHOU	Lamina2Shape	30-Aug-2012 12:19:53	09052012_R3_P30.tif	TREMIE	date 4	09/05/2012	3	30	MB	11	13	24.2	1.6	28.6	27.3	2	0	0.13006	0.26967	0.36606	0.52917	0.92952	1.1991	1.3823	1.4018	1.5026	1.5062	1.5149	1.5048	1.4423	1.5221	1.617	1.5349	1.5505	1.5351	1.5116	0.83495
ABICHOU	Lamina2Shape	30-Aug-2012 12:19:53	09052012_R3_P30.tif	TREMIE	date 4	09/05/2012	3	30	MB	12	13	21.5	1.8	30.8	30.6	1	0	0.11617	0.22269	0.50388	0.9198	1.1821	1.3877	1.5386	1.6341	1.709	1.7679	1.7742	1.7937	1.6721	1.7449	1.826	1.7634	1.7196	1.6332	1.4515	1.1504
ABICHOU	Lamina2Shape	30-Aug-2012 12:19:53	09052012_R3_P30.tif	TREMIE	date 4	09/05/2012	3	30	MB	13	13	13.5	2	19.7	19.7	1	0	-0.0024293	0.22861	0.3047	0.50875	0.73335	0.96704	1.1855	1.3915	1.5947	1.7647	1.8803	1.9227	1.9564	1.989	2.0143	1.937	1.8226	1.6304	1.4757	1.2512
ABICHOU	Lamina2Shape	30-Aug-2012 12:19:53	09052012_R3_P30.tif	TREMIE	date 4	09/05/2012	3	30	Talle	NA	NaN	18.4	0.7	8.3	0.2	3	0	0.13588	0.14186	0.20273	0.24975	0.29489	0.47663	0.46619	0.65069	0.62788	0.71119	0.68958	0.73159	0.67053	0.55314	0.408	0.36873	0.39107	0.50366	0.53236	0.078135
ABICHOU	Lamina2Shape	30-Aug-2012 12:19:53	09052012_R3_P30.tif	TREMIE	date 4	09/05/2012	3	30	Talle	NA	NaN	22.3	1.3	17.6	8.5	2	0	0.083459	0.25104	0.2029	0.25185	0.41092	0.40886	0.55025	0.6366	0.80606	0.95291	1.0954	1.0982	1.1584	1.1936	1.3046	1.2225	1.1102	0.964	0.95158	0.70726
ABICHOU	Lamina2Shape	30-Aug-2012 12:19:53	09052012_R3_P30.tif	TREMIE	date 4	09/05/2012	3	30	Talle	NA	NaN	21.9	1.7	28.2	27.2	2	0	0.055813	0.17375	0.38351	0.65137	0.89752	1.1183	1.3305	1.4657	1.5659	1.6284	1.6768	1.6899	1.6685	1.6052	1.607	1.5239	1.5507	1.5667	1.4822	1.1087
ABICHOU	Lamina2Shape	30-Aug-2012 12:19:53	09052012_R3_P30.tif	TREMIE	date 4	09/05/2012	3	30	Talle	NA	NaN	20.8	1.8	28.3	28.2	2	0	0.22291	0.49397	0.64992	0.96852	1.2002	1.3395	1.4346	1.5185	1.5995	1.598	1.6309	1.6376	1.7577	1.758	1.7845	1.7536	1.68	1.5989	1.4105	0.98574
ABICHOU	Lamina2Shape	30-Aug-2012 12:19:53	09052012_R3_P30.tif	TREMIE	date 4	09/05/2012	3	30	Talle	NA	NaN	12.9	2	18.4	18.4	2	0	0.093975	0.17735	0.33964	0.59674	0.83848	1.0533	1.2356	1.4172	1.6203	1.7831	1.8832	1.9517	2.0113	2.0186	1.9783	1.9044	1.7874	1.5967	1.3971	1.1098
