date;var;TT;TT_depuis_montaison_811,4;rep;N;Axis;Nflig;Nfvis;nff;length_F1;length_F2;length_F3;length_F4;length_F5;length_F6;length_F7;length_F8;length_F9;length_F10;length_F11;length_F12;sen_F6;sen_F7;sen_F8;sen_F9;sen_F10;sen_F11;sen_F12;HS;SSI
13/02/2013;Tremie;565,8;-245,6;1;2;MB;4;1;11;;8,0;9,6;9,8;5,2;;;;;;;;0;0;0;0;0;0;0;4,540222241;0
13/02/2013;Tremie;565,8;-245,6;1;3;MB;4;1;11;6,7;7,8;;10,1;;;;;;;;;0;0;0;0;0;0;0;;0,1
13/02/2013;Tremie;565,8;-245,6;1;4;MB;4;1;11;5,5;7,0;8,1;;6,2;;;;;;;;0;0;0;0;0;0;0;4,75959142;0
13/02/2013;Tremie;565,8;-245,6;1;5;MB;4;2;11;;6,0;8,0;8,7;7,1;;;;;;;;0;0;0;0;0;0;0;4,895330825;0,6
13/02/2013;Tremie;565,8;-245,6;1;6;MB;4;2;11;4,5;6,0;7,5;8,7;7,9;;;;;;;;0;0;0;0;0;0;0;5,061487387;0
13/02/2013;Tremie;565,8;-245,6;1;9;MB;4;1;11;5,5;6,6;8,2;;6,3;;;;;;;;0;0;0;0;0;0;0;4,783908176;0,2
13/02/2013;Tremie;565,8;-245,6;1;11;MB;4;1;11;7,0;7,8;10,7;;6,2;;;;;;;;0;0;0;0;0;0;0;4,615180026;0,1
13/02/2013;Tremie;565,8;-245,6;1;13;MB;4;1;11;6,6;7,4;;9,5;5,0;;;;;;;;0;0;0;0;0;0;0;4,542188262;0,3
13/02/2013;Tremie;565,8;-245,6;1;14;MB;4;1;11;7,0;8,5;9,3;10,3;4,3;;;;;;;;0;0;0;0;0;0;0;4,432712026;0,1
13/02/2013;Tremie;565,8;-245,6;2;16;MB;4;1;11;7,7;9,0;;11,3;4,3;;;;;;;;0;0;0;0;0;0;0;4,391773886;0,1
13/02/2013;Tremie;565,8;-245,6;2;17;MB;4;1;11;;;8,2;7,8;3,7;;;;;;;;0;0;0;0;0;0;0;4,464249897;0
13/02/2013;Tremie;565,8;-245,6;2;19;MB;4;1;11;;8,7;9,6;;4,8;;;;;;;;0;0;0;0;0;0;0;4,477384181;0
13/02/2013;Tremie;565,8;-245,6;2;21;MB;4;1;11;6,7;8,0;9,5;;4,2;;;;;;;;0;0;0;0;0;0;0;4,437275348;0
13/02/2013;Tremie;565,8;-245,6;2;23;MB;4;1;11;;8,0;;10,0;5,3;;;;;;;;0;0;0;0;0;0;0;4,547493071;0
13/02/2013;Tremie;565,8;-245,6;2;26;MB;3;2;11;;10,0;11,0;11,0;3,0;;;;;;;;0;0;0;0;0;0;0;3,26592113;0
13/02/2013;Tremie;565,8;-245,6;2;27;MB;4;1;11;6,7;8,0;9,7;9,8;5,2;;;;;;;;0;0;0;0;0;0;0;4,538569082;0,1
13/02/2013;Tremie;565,8;-245,6;2;28;MB;4;1;11;7,8;9,0;;;3,6;;;;;;;;0;0;0;0;0;0;0;4,327313284;0
13/02/2013;Tremie;565,8;-245,6;3;31;MB;4;1;11;7,4;9,6;11,0;10,8;5,2;;;;;;;;0;0;0;0;0;0;0;4,474503656;0,2
13/02/2013;Tremie;565,8;-245,6;3;32;MB;4;1;11;6,9;7,4;9,0;9,7;5,2;;;;;;;;0;0;0;0;0;0;0;4,556346037;0,2
13/02/2013;Tremie;565,8;-245,6;3;33;MB;4;1;11;7,3;;10,0;10,0;4,6;;;;;;;;0;0;0;0;0;0;0;4,453594027;0
13/02/2013;Tremie;565,8;-245,6;3;34;MB;4;1;11;6,5;8,2;;;7,7;;;;;;;;0;0;0;0;0;0;0;4,803437164;0
13/02/2013;Tremie;565,8;-245,6;3;35;MB;3;2;11;7,0;10,0;11,5;11,8;3,0;;;;;;;;0;0;0;0;0;0;0;3,265357502;0,15
13/02/2013;Tremie;565,8;-245,6;3;36;MB;4;1;11;;8,5;10,3;;5,7;;;;;;;;0;0;0;0;0;0;0;4,554347388;0,2
13/02/2013;Tremie;565,8;-245,6;3;37;MB;3;2;11;9,5;6,8;10,5;10,5;2,0;;;;;;;;0;0;0;0;0;0;0;3,187282344;0,1
13/02/2013;Tremie;565,8;-245,6;3;38;MB;3;2;11;;8,1;8,8;9,0;1,6;;;;;;;;0;0;0;0;0;0;0;3,175238702;0
13/02/2013;Tremie;565,8;-245,6;3;39;MB;4;1;11;;9,8;11,5;11,5;3,8;;;;;;;;0;0;0;0;0;0;0;4,32947261;0,15
13/02/2013;Tremie;565,8;-245,6;3;40;MB;4;1;11;;8,5;11,5;11,5;4,1;;;;;;;;0;0;0;0;0;0;0;4,372196123;0,35
13/02/2013;Tremie;565,8;-245,6;3;41;MB;4;1;11;;9,6;;11,0;3,5;;;;;;;;0;0;0;0;0;0;0;4,314561915;0
13/02/2013;Tremie;565,8;-245,6;3;42;MB;4;1;11;5,5;8,4;9,3;10,0;3,7;;;;;;;;0;0;0;0;0;0;0;4,398263021;0,2
13/02/2013;Tremie;565,8;-245,6;3;43;MB;3;2;11;;9,3;;;;;;;;;;;0;0;0;0;0;0;0;;0,15
13/02/2013;Tremie;565,8;-245,6;3;44;MB;3;2;11;;8,0;10,0;9,5;2,0;;;;;;;;0;0;0;0;0;0;0;3,207081723;0
13/02/2013;Tremie;565,8;-245,6;3;45;MB;4;1;11;;8,4;;;5,5;;;;;;;;0;0;0;0;0;0;0;4,547862002;0,1
13/02/2013;Tremie;565,8;-245,6;1;1;MB;4;1;12;;8,2;;;7,5;;;;;;;;0;0;0;0;0;0;0;4,718641115;0
13/02/2013;Tremie;565,8;-245,6;1;7;MB;4;1;12;;8,0;;;6,3;;;;;;;;0;0;0;0;0;0;0;4,61875;0
13/02/2013;Tremie;565,8;-245,6;1;8;MB;4;1;12;;;;8,4;7,0;;;;;;;;0;0;0;0;0;0;0;4,739795918;0,5
13/02/2013;Tremie;565,8;-245,6;1;10;MB;4;1;12;;8,0;9,4;;6,5;;;;;;;;0;0;0;0;0;0;0;4,629539952;0,2
13/02/2013;Tremie;565,8;-245,6;1;12;MB;4;1;12;5,3;6,6;8,0;8,0;4,8;;;;;;;;0;0;0;0;0;0;0;4,548928203;0,3
13/02/2013;Tremie;565,8;-245,6;1;15;MB;4;1;12;7,0;8,2;9,4;9,4;4,5;;;;;;;;0;0;0;0;0;0;0;4,419322526;0,4
13/02/2013;Tremie;565,8;-245,6;2;18;MB;4;1;12;4,0;5,0;6,5;8,1;5,8;;;;;;;;0;0;0;0;0;0;0;4,792898257;0,1
13/02/2013;Tremie;565,8;-245,6;2;20;MB;4;1;12;6,5;8,2;;;6,1;;;;;;;;0;0;0;0;0;0;0;4,579489025;0
13/02/2013;Tremie;565,8;-245,6;2;22;MB;4;1;12;;;8,5;8,9;3,2;;;;;;;;0;0;0;0;0;0;0;4,328353368;0
13/02/2013;Tremie;565,8;-245,6;2;24;MB;4;1;12;;;9,8;;4,2;;;;;;;;0;0;0;0;0;0;0;4,38483965;0
13/02/2013;Tremie;565,8;-245,6;2;25;MB;4;1;12;6,6;8,8;10,4;10,1;4,9;;;;;;;;0;0;0;0;0;0;0;4,43614843;0,1
13/02/2013;Tremie;565,8;-245,6;2;29;MB;4;1;12;6,6;8,0;;;4,7;;;;;;;;0;0;0;0;0;0;0;4,448434383;0,1
13/02/2013;Tremie;565,8;-245,6;2;30;MB;4;1;12;;;8,5;8,1;4,2;;;;;;;;0;0;0;0;0;0;0;4,451854694;0
02/04/2013;Tremie;750,2;-61,2;1;2;MB;;;11;;;;;;;;;;;;;0;0;0;0;0;0;0;;4,1
02/04/2013;Tremie;750,2;-61,2;1;3;MB;;;11;;;;;;;;;;;;;0;;0;0;0;0;0;;3,55
02/04/2013;Tremie;750,2;-61,2;1;4;MB;;;11;;;;;;;;;;;;;10;;0;0;0;0;0;;3,1
02/04/2013;Tremie;750,2;-61,2;1;5;MB;;;11;;;;;;;;;;;;;0;;0;0;0;0;0;;3,05
02/04/2013;Tremie;750,2;-61,2;1;6;MB;;;11;;;;;;;;;;;;;10;;0;0;0;0;0;;3,9
02/04/2013;Tremie;750,2;-61,2;1;9;MB;;;11;;;;;;;;;;;;;0;0;0;0;0;0;0;;4,1
02/04/2013;Tremie;750,2;-61,2;1;11;MB;;;11;;;;;;;;;;;;;10;0;0;0;0;0;0;;4,05
02/04/2013;Tremie;750,2;-61,2;1;13;MB;;;11;;;;;;;;;;;;;0;0;0;0;0;0;0;;4
02/04/2013;Tremie;750,2;-61,2;1;14;MB;;;11;;;;;;;;;;;;;0;;0;0;0;0;0;;3,8
02/04/2013;Tremie;750,2;-61,2;2;16;MB;;;11;;;;;;;;;;;;;0;;0;0;0;0;0;;4,1
02/04/2013;Tremie;750,2;-61,2;2;17;MB;;;11;;;;;;;;;;;;;0;10;0;0;0;0;0;;4,1
02/04/2013;Tremie;750,2;-61,2;2;19;MB;;;11;;;;;;;;;;;;;0;;0;0;0;0;0;;3,7
02/04/2013;Tremie;750,2;-61,2;2;21;MB;;;11;;;;;;;;;;;;;0;;0;0;0;0;0;;4,2
02/04/2013;Tremie;750,2;-61,2;2;23;MB;;;11;;;;;;;;;;;;;0;;0;0;0;0;0;;3,95
02/04/2013;Tremie;750,2;-61,2;2;26;MB;;;11;;;;;;;;;;;;;0;;0;0;0;0;0;;3,2
02/04/2013;Tremie;750,2;-61,2;2;27;MB;;;11;;;;;;;;;;;;;0;0;0;0;0;0;0;;3,9
02/04/2013;Tremie;750,2;-61,2;2;28;MB;;;11;;;;;;;;;;;;;0;;0;0;0;0;0;;3,5
02/04/2013;Tremie;750,2;-61,2;3;31;MB;;;11;;;;;;;;;;;;;0;0;0;0;0;0;0;;4,15
02/04/2013;Tremie;750,2;-61,2;3;32;MB;;;11;;;;;;;;;;;;;0;10;0;0;0;0;0;;4,15
02/04/2013;Tremie;750,2;-61,2;3;33;MB;;;11;;;;;;;;;;;;;0;;0;0;0;0;0;;4
02/04/2013;Tremie;750,2;-61,2;3;34;MB;;;11;;;;;;;;;;;;;0;;0;0;0;0;0;;3,25
02/04/2013;Tremie;750,2;-61,2;3;35;MB;;;11;;;;;;;;;;;;;0;;0;0;0;0;0;;3,75
02/04/2013;Tremie;750,2;-61,2;3;36;MB;;;11;;;;;;;;;;;;;0;;0;0;0;0;0;;4,5
02/04/2013;Tremie;750,2;-61,2;3;37;MB;;;11;;;;;;;;;;;;;0;;0;0;0;0;0;;3,75
02/04/2013;Tremie;750,2;-61,2;3;38;MB;;;11;;;;;;;;;;;;;0;;0;0;0;0;0;;3,2
02/04/2013;Tremie;750,2;-61,2;3;39;MB;;;11;;;;;;;;;;;;;0;;0;0;0;0;0;;4,1
02/04/2013;Tremie;750,2;-61,2;3;40;MB;;;11;;;;;;;;;;;;;0;;0;0;0;0;0;;3,85
02/04/2013;Tremie;750,2;-61,2;3;41;MB;;;11;;;;;;;;;;;;;0;;0;0;0;0;0;;3,9
02/04/2013;Tremie;750,2;-61,2;3;42;MB;;;11;;;;;;;;;;;;;0;;0;0;0;0;0;;3,65
02/04/2013;Tremie;750,2;-61,2;3;43;MB;;;11;;;;;;;;;;;;;0;;0;0;0;0;0;;3,55
02/04/2013;Tremie;750,2;-61,2;3;44;MB;;;11;;;;;;;;;;;;;0;;0;0;0;0;0;;3,6
02/04/2013;Tremie;750,2;-61,2;3;45;MB;;;11;;;;;;;;;;;;;0;;0;0;0;0;0;;3,85
02/04/2013;Tremie;750,2;-61,2;1;1;MB;;;12;;;;;;;;;;;;;0;10;0;0;0;0;0;;4
02/04/2013;Tremie;750,2;-61,2;1;7;MB;;;12;;;;;;;;;;;;;0;5;0;0;0;0;0;;3,35
02/04/2013;Tremie;750,2;-61,2;1;8;MB;;;12;;;;;;;;;;;;;0;;0;0;0;0;0;;3,2
02/04/2013;Tremie;750,2;-61,2;1;10;MB;;;12;;;;;;;;;;;;;0;0;0;0;0;0;0;;4,4
02/04/2013;Tremie;750,2;-61,2;1;12;MB;;;12;;;;;;;;;;;;;0;0;0;0;0;0;0;;3,4
02/04/2013;Tremie;750,2;-61,2;1;15;MB;;;12;;;;;;;;;;;;;0;0;0;0;0;0;0;;3,6
02/04/2013;Tremie;750,2;-61,2;2;18;MB;;;12;;;;;;;;;;;;;0;10;0;0;0;0;0;;4,35
02/04/2013;Tremie;750,2;-61,2;2;20;MB;;;12;;;;;;;;;;;;;0;0;0;0;0;0;0;;4,3
02/04/2013;Tremie;750,2;-61,2;2;22;MB;;;12;;;;;;;;;;;;;0;0;0;0;0;0;0;;3,65
02/04/2013;Tremie;750,2;-61,2;2;24;MB;;;12;;;;;;;;;;;;;0;0;0;0;0;0;0;;3,7
02/04/2013;Tremie;750,2;-61,2;2;25;MB;;;12;;;;;;;;;;;;;0;0;0;0;0;0;0;;3,75
02/04/2013;Tremie;750,2;-61,2;2;29;MB;;;12;;;;;;;;;;;;;0;0;0;0;0;0;0;;4,25
02/04/2013;Tremie;750,2;-61,2;2;30;MB;;;12;;;;;;;;;;;;;0;;0;0;0;0;0;;4,05
19/04/2013;Tremie;915,09;103,69;1;2;MB;8;1;11;;;;;;11,5;14,7;19,0;16,0;;;;50;20;0;0;;;;;
19/04/2013;Tremie;915,09;103,69;1;3;MB;8;1;11;;;;;;11,2;14,5;17,5;11,5;;;;60;40;0;0;;;;;
19/04/2013;Tremie;915,09;103,69;1;4;MB;7;2;11;;;;;;11,0;13,5;16,8;4,5;;;;40;0;0;;;;;;
19/04/2013;Tremie;915,09;103,69;1;5;MB;7;2;11;;;;;;10,7;13,5;18,5;7,7;;;;50;0;0;;;;;;
19/04/2013;Tremie;915,09;103,69;1;6;MB;7;2;11;;;;;;10,5;12,7;17,5;7,0;;;;40;0;0;;;;;;
19/04/2013;Tremie;915,09;103,69;1;9;MB;8;1;11;;;;;;10,0;11,7;14,5;18,0;;;;95;30;0;0;;;;;
19/04/2013;Tremie;915,09;103,69;1;11;MB;8;1;11;;;;;;11,5;13,1;17,1;13,6;;;;80;20;0;0;;;;;
19/04/2013;Tremie;915,09;103,69;1;13;MB;8;1;11;;;;;;11,2;13,0;17,0;14,2;;;;70;20;0;0;;;;;
19/04/2013;Tremie;915,09;103,69;1;14;MB;8;1;11;;;;;;11,5;13,0;17,0;14,0;;;;60;15;0;0;;;;;
19/04/2013;Tremie;915,09;103,69;2;16;MB;8;1;11;;;;;;11,7;15,5;18,5;9,7;;;;60;10;0;0;;;;;
19/04/2013;Tremie;915,09;103,69;2;17;MB;8;1;11;;;;;;9,5;12,0;15,5;11,5;;;;70;30;0;0;;;;;
19/04/2013;Tremie;915,09;103,69;2;19;MB;8;1;11;;;;;;11,5;14,2;16,5;12,5;;;;50;20;0;0;;;;;
19/04/2013;Tremie;915,09;103,69;2;21;MB;8;1;11;;;;;;11,2;13,7;17,5;11,7;;;;70;10;0;0;;;;;
19/04/2013;Tremie;915,09;103,69;2;23;MB;7;2;11;;;;;;10,5;12,5;17,0;4,0;;;;30;0;0;;;;;;
19/04/2013;Tremie;915,09;103,69;2;26;MB;8;1;11;;;;;;12,0;15,0;16,1;7,2;;;;50;0;0;0;;;;;
19/04/2013;Tremie;915,09;103,69;2;27;MB;8;1;11;;;;;;11,5;13,0;15,0;14,2;;;;90;20;0;0;;;;;
19/04/2013;Tremie;915,09;103,69;2;28;MB;7;2;11;;;;;;11,3;13,5;17,2;5,5;;;;20;0;0;;;;;;
19/04/2013;Tremie;915,09;103,69;3;31;MB;8;1;11;;;;;;;14,2;18,0;12,2;;;;;20;0;0;;;;;
19/04/2013;Tremie;915,09;103,69;3;32;MB;8;1;11;;;;;;;;18,3;12,5;;;;;;0;0;;;;;
19/04/2013;Tremie;915,09;103,69;3;33;MB;8;1;11;;;;;;;;17,0;9,0;;;;;;0;0;;;;;
19/04/2013;Tremie;915,09;103,69;3;34;MB;7;1;11;;;;;;12,5;15,5;18,5;;;;;30;0;0;;;;;;
19/04/2013;Tremie;915,09;103,69;3;35;MB;8;1;11;;;;;;13,5;13,1;19,7;7,7;;;;40;10;0;0;;;;;
19/04/2013;Tremie;915,09;103,69;3;36;MB;8;1;11;;;;;;12,5;14,5;17,0;10,5;;;;70;10;0;0;;;;;
19/04/2013;Tremie;915,09;103,69;3;37;MB;7;1;11;;;;;;12,5;15,5;21,0;;;;;40;0;0;;;;;;
19/04/2013;Tremie;915,09;103,69;3;38;MB;7;2;11;;;;;;11,3;14,5;18,2;7,0;;;;20;10;0;0;;;;;
19/04/2013;Tremie;915,09;103,69;3;39;MB;8;1;11;;;;;;13,0;15,1;18,0;7,0;;;;60;0;0;0;;;;;
19/04/2013;Tremie;915,09;103,69;3;40;MB;7;2;11;;;;;;;;19,0;5,7;;;;;;0;;;;;;
19/04/2013;Tremie;915,09;103,69;3;41;MB;8;1;11;;;;;;;14,5;17,7;8,3;;;;;10;0;0;;;;;
19/04/2013;Tremie;915,09;103,69;3;42;MB;8;1;11;;;;;;11,5;13,5;16,5;10,5;;;;30;0;0;0;;;;;
19/04/2013;Tremie;915,09;103,69;3;43;MB;7;2;11;;;;;;12,3;15,3;20,0;5,5;;;;30;0;0;;;;;;
19/04/2013;Tremie;915,09;103,69;3;44;MB;7;2;11;;;;;;13,2;16,0;21,5;6,5;;;;20;0;0;;;;;;
19/04/2013;Tremie;915,09;103,69;3;45;MB;8;1;11;;;;;;10,5;13,7;18,2;10,2;;;;40;5;0;0;;;;;
19/04/2013;Tremie;915,09;103,69;1;1;MB;8;1;12;;;;;;10,2;12,7;16,5;13,5;;;;50;20;0;0;;;;;
19/04/2013;Tremie;915,09;103,69;1;7;MB;8;1;12;;;;;;;12,7;14,5;14,7;;;;;15;0;0;;;;;
19/04/2013;Tremie;915,09;103,69;1;8;MB;8;2;12;;;;;;10,5;10,5;13,0;18,0;6,5;;;80;30;0;0;;;;8,295454545;
19/04/2013;Tremie;915,09;103,69;1;10;MB;8;1;12;;;;;;8,4;12,0;15,0;18,0;;;;80;35;0;0;;;;;
19/04/2013;Tremie;915,09;103,69;1;12;MB;8;1;12;;;;;;9,0;11,1;14,7;16,5;;;;80;25;0;0;;;;;
19/04/2013;Tremie;915,09;103,69;1;15;MB;8;1;12;;;;;;10,5;12,5;16,5;15,5;;;;60;20;0;0;;;;;
19/04/2013;Tremie;915,09;103,69;2;18;MB;8;1;12;;;;;;9,3;10,0;13,5;14,0;;;;90;20;0;0;;;;;
19/04/2013;Tremie;915,09;103,69;2;20;MB;8;1;12;;;;;;10,0;11,5;14,5;16,4;;;;90;30;0;0;;;;;
19/04/2013;Tremie;915,09;103,69;2;22;MB;8;1;12;;;;;;10,0;12,5;16,3;16,2;;;;40;10;0;0;;;;;
19/04/2013;Tremie;915,09;103,69;2;24;MB;8;1;12;;;;;;;11,5;14,6;13,5;;;;;20;0;0;;;;;
19/04/2013;Tremie;915,09;103,69;2;25;MB;8;1;12;;;;;;10,5;12,7;15,5;12,8;;;;80;20;0;0;;;;;
19/04/2013;Tremie;915,09;103,69;2;29;MB;8;1;12;;;;;;10,0;13,0;17,0;14,6;;;;90;10;0;0;;;;;
19/04/2013;Tremie;915,09;103,69;2;30;MB;8;1;12;;;;;;9,5;11,5;15,3;12,5;;;;70;15;0;0;;;;;
02/05/2013;Tremie;1048,8;237,4;1;2;MB;9;1;11;;;;;;12,0;14,9;19,0;24,3;21,1;;;100;40;20;0;0;;;9,821011673;6,421011673
02/05/2013;Tremie;1048,8;237,4;1;3;MB;9;1;11;;;;;;10,5;14,8;17,7;22,4;17;;;100;50;5;0;0;;;9,643939394;6,193939394
02/05/2013;Tremie;1048,8;237,4;1;4;MB;9;1;11;;;;;;11,0;13,3;18,0;23;9,2;;;100;40;2;0;0;;;9,423963134;5,843963134
02/05/2013;Tremie;1048,8;237,4;1;5;MB;8;2;11;;;;;;10,6;13,8;18,5;22,4;10,1;;;100;10;5;0;0;;;8,495098039;4,645098039
02/05/2013;Tremie;1048,8;237,4;1;6;MB;8;2;11;;;;;;10,3;13,0;17,3;21,5;10;;;100;20;0;0;0;;;8,46728972;4,66728972
02/05/2013;Tremie;1048,8;237,4;1;9;MB;9;1;11;;;;;;10,0;11,8;14,8;21,9;23,2;;;100;80;10;0;0;;;9,924302789;6,824302789
02/05/2013;Tremie;1048,8;237,4;1;11;MB;9;1;11;;;;;;11,8;13,1;17,4;22;19;;;100;60;5;0;0;;;9,791666667;6,441666667
02/05/2013;Tremie;1048,8;237,4;1;13;MB;9;1;11;;;;;;11,2;13,3;17,4;22,4;19,8;;;100;70;25;0;0;;;9,770428016;6,720428016
02/05/2013;Tremie;1048,8;237,4;1;14;MB;9;1;11;;;;;;11,5;13,0;17,0;23,2;18,2;;;100;90;5;0;0;;;9,767932489;6,717932489
02/05/2013;Tremie;1048,8;237,4;2;16;MB;9;1;11;;;;;;11,3;15,3;18,8;22,1;15;;;100;15;5;0;0;;;9,643776824;5,843776824
02/05/2013;Tremie;1048,8;237,4;2;17;MB;9;1;11;;;;;;8,5;12,3;16,0;22;16,2;;;100;80;10;0;0;;;9,675;6,575
02/05/2013;Tremie;1048,8;237,4;2;19;MB;9;1;11;;;;;;11,8;14,3;17,0;21;18,6;;;100;30;10;0;0;;;9,791489362;6,191489362
02/05/2013;Tremie;1048,8;237,4;2;21;MB;9;1;11;;;;;;10,4;13,7;17,7;22,4;16,3;;;100;15;0;0;0;;;9,693617021;5,843617021
02/05/2013;Tremie;1048,8;237,4;2;23;MB;9;1;11;;;;;;10,1;12,2;18,1;21,9;8,7;;;100;30;0;0;;;;9,375;6,675
02/05/2013;Tremie;1048,8;237,4;2;26;MB;9;1;11;;;;;;11,6;14,6;16,5;20,6;8,9;;;100;90;10;0;0;;;9,445;6,445
02/05/2013;Tremie;1048,8;237,4;2;27;MB;9;1;11;;;;;;11,1;12,8;15,5;20,9;20,1;;;100;80;2;0;0;;;9,8375;6,6575
02/05/2013;Tremie;1048,8;237,4;2;28;MB;9;1;11;;;;;;10,7;13,0;17,4;21,6;8,7;;;100;20;0;0;0;;;9,386666667;5,586666667
02/05/2013;Tremie;1048,8;237,4;3;31;MB;9;1;11;;;;;;;14,1;18,2;22;19;;;100;55;5;0;0;;;9,739299611;6,339299611
02/05/2013;Tremie;1048,8;237,4;3;32;MB;9;1;11;;;;;;;;18,3;22,4;18,2;;;100;50;5;0;0;;;9,736842105;6,286842105
02/05/2013;Tremie;1048,8;237,4;3;33;MB;9;1;11;;;;;;;;17,2;21,6;14,8;;;100;50;5;0;0;;;9,675799087;6,225799087
02/05/2013;Tremie;1048,8;237,4;3;34;MB;9;1;11;;;;;;8,7;11,8;15,5;21,7;25;;;100;70;25;0;0;;;10,00806452;6,958064516
02/05/2013;Tremie;1048,8;237,4;3;35;MB;9;1;11;;;;;;12,3;16,4;20,0;22,5;13,5;;;100;30;5;0;0;;;9,574468085;5,924468085
02/05/2013;Tremie;1048,8;237,4;3;36;MB;9;1;11;;;;;;12,4;14,7;17,4;20,7;15,2;;;100;35;5;0;0;;;9,666666667;6,066666667
02/05/2013;Tremie;1048,8;237,4;3;37;MB;9;1;11;;;;;;;12,6;15,8;22;24,4;;;100;85;25;5;0;;;10;7,15
02/05/2013;Tremie;1048,8;237,4;3;38;MB;9;1;11;;;;;;11,9;14,8;18,1;21,8;11,2;;;100;30;2;0;0;;;9,497777778;5,817777778
02/05/2013;Tremie;1048,8;237,4;3;39;MB;9;1;11;;;;;;12,4;15,2;18,1;21;13,8;;;100;25;2;0;0;;;9,616071429;5,886071429
02/05/2013;Tremie;1048,8;237,4;3;40;MB;9;1;11;;;;;;;;19,0;22,2;10,5;;;100;40;10;0;0;;;9,46460177;5,96460177
02/05/2013;Tremie;1048,8;237,4;3;41;MB;9;1;11;;;;;;;14,4;17,9;21,7;13,6;;;100;50;10;0;0;;;9,581196581;6,181196581
02/05/2013;Tremie;1048,8;237,4;3;42;MB;9;1;11;;;;;;;13,8;16,5;20,4;16,8;;;100;20;0;0;0;;;9,717948718;5,917948718
02/05/2013;Tremie;1048,8;237,4;3;43;MB;9;1;11;;;;;;12,2;15,2;19,9;23;9;;;100;10;0;0;0;;;9,418604651;5,518604651
02/05/2013;Tremie;1048,8;237,4;3;44;MB;9;1;11;;;;;;13,5;16,2;20,9;23;11,5;;;80;10;2;0;0;;;9,515695067;5,435695067
02/05/2013;Tremie;1048,8;237,4;3;45;MB;9;1;11;;;;;;10,8;13,6;18,6;22,9;15,1;;;100;25;5;0;0;;;9,629166667;5,929166667
02/05/2013;Tremie;1048,8;237,4;1;1;MB;9;1;12;;;;;;10,7;13,1;16,8;21,1;22,3;;;100;90;5;0;0;;;9,925311203;6,875311203
02/05/2013;Tremie;1048,8;237,4;1;7;MB;9;2;12;;;;;;;12,0;15,0;19,3;21,7;8,5;;100;90;10;0;0;;;9,981900452;6,981900452
02/05/2013;Tremie;1048,8;237,4;1;8;MB;9;2;12;;;;;;8,0;10,0;13,0;18,5;22;8,7;;100;100;10;10;0;;;10;7,2
02/05/2013;Tremie;1048,8;237,4;1;10;MB;9;2;12;;;;;;;12,2;15,5;19,6;22,2;9,9;;100;100;10;0;0;;;10,00909091;7,109090909
02/05/2013;Tremie;1048,8;237,4;1;12;MB;9;2;12;;;;;;9,2;11,1;14,4;19,5;23,2;7,2;;100;100;5;0;0;;;9,995708155;7,045708155
02/05/2013;Tremie;1048,8;237,4;1;15;MB;9;2;12;;;;;;10,2;12,6;16,5;21,1;23,4;6;;100;50;2;0;0;;;10,03539823;6,55539823
02/05/2013;Tremie;1048,8;237,4;2;18;MB;9;1;12;;;;;;8,3;9,5;13,5;18,9;20,9;;;100;100;5;0;0;;;9,958715596;7,008715596
02/05/2013;Tremie;1048,8;237,4;2;20;MB;9;2;12;;;;;;10,4;11,5;14,5;20,4;21,3;7,3;;100;60;5;0;0;;;10,02403846;6,674038462
02/05/2013;Tremie;1048,8;237,4;2;22;MB;9;2;12;;;;;;10,4;12,2;16,6;20,6;23,6;6;;100;50;5;0;0;;;9,991596639;6,541596639
02/05/2013;Tremie;1048,8;237,4;2;24;MB;9;1;12;;;;;;;11,8;14,9;19,4;21,6;;;100;90;5;0;0;;;9,964285714;6,914285714
02/05/2013;Tremie;1048,8;237,4;2;25;MB;9;2;12;;;;;;10,6;12,9;15,6;19;22,4;3,9;;100;50;5;0;0;;;9,995555556;6,545555556
02/05/2013;Tremie;1048,8;237,4;2;29;MB;9;2;12;;;;;;10,0;13,2;17,0;20;23,3;8,5;;100;35;5;0;0;;;10,01746725;6,417467249
02/05/2013;Tremie;1048,8;237,4;2;30;MB;9;1;12;;;;;;9,1;11,4;15,5;19,6;22,2;;;100;75;100;0;0;;;9,940677966;7,690677966
22/05/2013;Tremie;1284,4;473;1;2;MB;11;0;11;;;;;;;;18,5;24,3;25,7;16,5;;100;100;60;1;0;0;;11;7,61
22/05/2013;Tremie;1284,4;473;1;3;MB;11;0;11;;;;;;;;17,5;22,5;26,4;16,0;;100;100;60;0;0;0;;11;7,6
22/05/2013;Tremie;1284,4;473;1;4;MB;11;0;11;;;;;;;;17,8;23,1;21,7;14,0;;100;100;20;0;0;0;;11;7,2
22/05/2013;Tremie;1284,4;473;1;5;MB;11;0;11;;;;;;;;18,0;22,5;20,4;11,5;;100;100;20;0;0;0;;11;7,2
22/05/2013;Tremie;1284,4;473;1;6;MB;11;0;11;;;;;;;;17,5;21,9;21,4;13,3;;100;100;20;0;0;0;;11;7,2
22/05/2013;Tremie;1284,4;473;1;9;MB;11;0;11;;;;;;;;14,3;21,5;25,1;18,0;;100;100;95;0;0;0;;11;7,95
22/05/2013;Tremie;1284,4;473;1;11;MB;11;0;11;;;;;;;;17,0;22,2;24,0;14,7;;100;100;60;0;0;0;;11;7,6
22/05/2013;Tremie;1284,4;473;1;13;MB;11;0;11;;;;;;;;17,0;22,6;25,7;15,5;;100;100;60;1;0;0;;11;7,61
22/05/2013;Tremie;1284,4;473;1;14;MB;11;0;11;;;;;;;;15,7;23,0;23,7;14,4;;100;100;70;0;0;0;;11;7,7
22/05/2013;Tremie;1284,4;473;2;16;MB;11;0;11;;;;;;;;18,4;22,4;23,3;12,6;;100;100;20;0;0;0;;11;7,2
22/05/2013;Tremie;1284,4;473;2;17;MB;11;0;11;;;;;;;;15,5;22,0;24,0;15,0;;100;100;50;0;0;0;;11;7,5
22/05/2013;Tremie;1284,4;473;2;19;MB;11;0;11;;;;;;;;16,5;20,8;23,5;12,6;;100;100;50;0;0;0;;11;7,5
22/05/2013;Tremie;1284,4;473;2;21;MB;11;0;11;;;;;;;;17,3;22,5;23,5;13,2;;100;100;40;0;0;0;;11;7,4
22/05/2013;Tremie;1284,4;473;2;23;MB;11;0;11;;;;;;;;18,0;21,6;23,2;15,7;;100;100;5;0;0;0;;11;7,05
22/05/2013;Tremie;1284,4;473;2;26;MB;11;0;11;;;;;;;;16,2;20,8;20,0;13,2;;100;100;40;0;0;0;;11;7,4
22/05/2013;Tremie;1284,4;473;2;27;MB;11;0;11;;;;;;;;14,7;20,7;24,0;16,3;;100;100;60;0;0;0;;11;7,6
22/05/2013;Tremie;1284,4;473;2;28;MB;11;0;11;;;;;;;;17,4;21,7;22,5;14,3;;100;100;10;0;0;0;;11;7,1
22/05/2013;Tremie;1284,4;473;3;31;MB;11;0;11;;;;;;;;17,6;21,7;25,7;16,0;18,33188854;100;100;40;0;0;0;;11;7,4
22/05/2013;Tremie;1284,4;473;3;32;MB;11;0;11;;;;;;;;17,2;22,5;24,7;15,0;18,34189886;100;100;40;1;0;0;;11;7,41
22/05/2013;Tremie;1284,4;473;3;33;MB;11;0;11;;;;;;;;16,8;21,4;21,9;13,7;18,35190918;100;100;20;0;0;0;;11;7,2
22/05/2013;Tremie;1284,4;473;3;34;MB;11;0;11;;;;;;;;15,0;21,5;24,8;16,7;18,3619195;100;100;90;1;0;0;;11;7,91
22/05/2013;Tremie;1284,4;473;3;35;MB;11;0;11;;;;;;;;19,4;22,3;23,5;14,1;18,37192982;100;100;20;0;0;0;;11;7,2
22/05/2013;Tremie;1284,4;473;3;36;MB;11;0;11;;;;;;;;16,6;20,8;22,8;15,0;18,38194014;100;100;30;0;0;0;;11;7,3
22/05/2013;Tremie;1284,4;473;3;37;MB;11;0;11;;;;;;;;15,7;21,7;24,4;17,4;18,39195046;100;100;95;5;0;0;;11;8
22/05/2013;Tremie;1284,4;473;3;38;MB;11;0;11;;;;;;;;17,7;21,6;22,5;15,4;18,40196078;100;100;20;0;0;0;;11;7,2
22/05/2013;Tremie;1284,4;473;3;39;MB;11;0;11;;;;;;;;18,1;21,1;22,4;13,2;18,4119711;100;100;20;0;0;0;;11;7,2
22/05/2013;Tremie;1284,4;473;3;40;MB;11;0;11;;;;;;;;18,8;22,2;22,6;14,2;18,42198142;100;100;20;0;0;0;;11;7,2
22/05/2013;Tremie;1284,4;473;3;41;MB;11;0;11;;;;;;;;17,7;21,7;23,4;13,9;18,43199174;100;100;30;0;0;0;;11;7,3
22/05/2013;Tremie;1284,4;473;3;42;MB;11;0;11;;;;;;;;16,1;20,8;23,4;15,0;18,44200206;100;100;30;0;0;0;;11;7,3
22/05/2013;Tremie;1284,4;473;3;43;MB;11;0;11;;;;;;;;20,0;23,2;21,5;13,2;18,45201238;100;100;2;0;0;0;;11;7,02
22/05/2013;Tremie;1284,4;473;3;44;MB;11;0;11;;;;;;;;21,0;23,2;22,3;13,1;18,4620227;100;100;13;0;0;0;;11;7,13
22/05/2013;Tremie;1284,4;473;3;45;MB;11;0;11;;;;;;;;18,5;22,7;24,0;16,2;18,47203302;100;100;20;0;0;0;;11;7,2
22/05/2013;Tremie;1284,4;473;1;1;MB;12;0;12;;;;;;;;16,3;21,2;24,1;19,8;10,9;100;100;50;0;0;0;0;12;7,5
22/05/2013;Tremie;1284,4;473;1;7;MB;12;0;12;;;;;;;;15,0;19,2;22,1;21,2;13,2;100;100;80;5;0;0;0;12;7,85
22/05/2013;Tremie;1284,4;473;1;8;MB;12;0;12;;;;;;;;12,5;18,7;22,0;19,4;12,3;100;100;100;22;6;0;0;12;8,28
22/05/2013;Tremie;1284,4;473;1;10;MB;12;0;12;;;;;;;;14,9;19,4;22,0;21,6;12,6;100;100;100;5;0;1;0;12;8,06
22/05/2013;Tremie;1284,4;473;1;12;MB;12;0;12;;;;;;;;13,7;19,6;23,3;20,9;12,5;100;100;80;2;0;0;0;12;7,82
22/05/2013;Tremie;1284,4;473;1;15;MB;12;0;12;;;;;;;;16,0;21,1;22,6;20,5;11,5;100;100;50;0;0;0;0;12;7,5
22/05/2013;Tremie;1284,4;473;2;18;MB;12;0;12;;;;;;;;12,7;19,3;21,8;18,4;10,5;100;100;90;5;0;0;0;12;7,95
22/05/2013;Tremie;1284,4;473;2;20;MB;12;0;12;;;;;;;;13,8;20,4;20,8;19,5;11,2;100;100;80;0;0;0;0;12;7,8
22/05/2013;Tremie;1284,4;473;2;22;MB;12;0;12;;;;;;;;15,7;20,7;23,8;19,9;11,5;100;100;60;0;0;0;0;12;7,6
22/05/2013;Tremie;1284,4;473;2;24;MB;12;0;12;;;;;;;;14,2;19,8;22,4;20,3;12,7;100;100;50;0;0;0;0;12;7,5
22/05/2013;Tremie;1284,4;473;2;25;MB;12;0;12;;;;;;;;15,4;19,3;22,5;20,3;11,9;100;100;50;0;0;0;0;12;7,5
22/05/2013;Tremie;1284,4;473;2;29;MB;12;0;12;;;;;;;;16,3;20,0;22,9;21,0;11,9;100;100;50;2;0;0;0;12;7,52
22/05/2013;Tremie;1284,4;473;2;30;MB;12;0;12;;;;;;;;15,2;19,6;23,6;20,6;12,7;100;100;50;0;0;0;0;12;7,5
29/05/2013;Tremie;1351,4;540;1;2;MB;11;0;11;;;;;;;;;;;16,7;;100;100;50;5;0;0;;11;7,55
29/05/2013;Tremie;1351,4;540;1;3;MB;11;0;11;;;;;;;;;;;15,7;;100;100;40;0;0;0;;11;7,4
29/05/2013;Tremie;1351,4;540;1;4;MB;11;0;11;;;;;;;;;;;13,9;;100;100;20;0;0;0;;11;7,2
29/05/2013;Tremie;1351,4;540;1;5;MB;11;0;11;;;;;;;;;;;11,5;;100;100;20;0;0;0;;11;7,2
29/05/2013;Tremie;1351,4;540;1;6;MB;11;0;11;;;;;;;;;;;13,3;;100;100;20;0;0;0;;11;7,2
29/05/2013;Tremie;1351,4;540;1;9;MB;11;0;11;;;;;;;;;;;17,8;;100;100;100;2;0;0;;11;8,02
29/05/2013;Tremie;1351,4;540;1;11;MB;11;0;11;;;;;;;;;;;14,4;;100;100;70;0;1;0;;11;7,71
29/05/2013;Tremie;1351,4;540;1;13;MB;11;0;11;;;;;;;;;;;15,4;;100;100;60;1;0;0;;11;7,61
29/05/2013;Tremie;1351,4;540;1;14;MB;11;0;11;;;;;;;;;;;14,3;;100;100;80;1;1;0;;11;7,82
29/05/2013;Tremie;1351,4;540;2;16;MB;11;0;11;;;;;;;;;;;12,7;;100;100;30;0;0;0;;11;7,3
29/05/2013;Tremie;1351,4;540;2;17;MB;11;0;11;;;;;;;;;;;14,8;;100;100;55;0;0;0;;11;7,55
29/05/2013;Tremie;1351,4;540;2;19;MB;11;0;11;;;;;;;;;;;12,6;;100;100;60;0;0;0;;11;7,6
29/05/2013;Tremie;1351,4;540;2;21;MB;11;0;11;;;;;;;;;;;13,2;;100;100;30;0;0;0;;11;7,3
29/05/2013;Tremie;1351,4;540;2;23;MB;11;0;11;;;;;;;;;;;15,8;;100;100;5;0;0;0;;11;7,05
29/05/2013;Tremie;1351,4;540;2;26;MB;11;0;11;;;;;;;;;;;13,2;;100;100;40;0;1;0;;11;7,41
29/05/2013;Tremie;1351,4;540;2;27;MB;11;0;11;;;;;;;;;;;14,7;;100;100;70;0;0;0;;11;7,7
29/05/2013;Tremie;1351,4;540;2;28;MB;11;0;11;;;;;;;;;;;14,5;;100;100;10;0;0;1;;11;7,11
29/05/2013;Tremie;1351,4;540;3;31;MB;11;0;11;;;;;;;;;;;15,8;;100;100;50;0;0;0;;11;7,5
29/05/2013;Tremie;1351,4;540;3;32;MB;11;0;11;;;;;;;;;;;15,3;;100;100;60;2;1;0;;11;7,63
29/05/2013;Tremie;1351,4;540;3;33;MB;11;0;11;;;;;;;;;;;13,9;;100;100;20;5;0;0;;11;7,25
29/05/2013;Tremie;1351,4;540;3;34;MB;11;0;11;;;;;;;;;;;16,5;;100;100;100;4;2;0;;11;8,06
29/05/2013;Tremie;1351,4;540;3;35;MB;11;0;11;;;;;;;;;;;14,3;;100;100;20;0;0;0;;11;7,2
29/05/2013;Tremie;1351,4;540;3;36;MB;11;0;11;;;;;;;;;;;15,2;;100;100;20;1;0;0;;11;7,21
29/05/2013;Tremie;1351,4;540;3;37;MB;11;0;11;;;;;;;;;;;17,4;;100;100;100;10;1;0;;11;8,11
29/05/2013;Tremie;1351,4;540;3;38;MB;11;0;11;;;;;;;;;;;15,3;;100;100;20;0;0;0;;11;7,2
29/05/2013;Tremie;1351,4;540;3;39;MB;11;0;11;;;;;;;;;;;13,2;;100;100;20;0;0;0;;11;7,2
29/05/2013;Tremie;1351,4;540;3;40;MB;11;0;11;;;;;;;;;;;17,7;;100;100;30;0;0;0;;11;7,3
29/05/2013;Tremie;1351,4;540;3;41;MB;11;0;11;;;;;;;;;;;13,9;;100;100;30;0;0;0;;11;7,3
29/05/2013;Tremie;1351,4;540;3;42;MB;11;0;11;;;;;;;;;;;14,9;;100;100;30;1;0;0;;11;7,31
29/05/2013;Tremie;1351,4;540;3;43;MB;11;0;11;;;;;;;;;;;13,4;;100;100;5;0;1;0;;11;7,06
29/05/2013;Tremie;1351,4;540;3;44;MB;11;0;11;;;;;;;;;;;13,0;;100;100;20;0;1;0;;11;7,21
29/05/2013;Tremie;1351,4;540;3;45;MB;11;0;11;;;;;;;;;;;16,0;;100;100;30;0;0;0;;11;7,3
29/05/2013;Tremie;1351,4;540;1;1;MB;12;0;12;;;;;;;;;;;;10,9;100;100;50;0;1;0;0;12;7,51
29/05/2013;Tremie;1351,4;540;1;7;MB;12;0;12;;;;;;;;;;;;13,1;100;100;70;10;0;0;0;12;7,8
29/05/2013;Tremie;1351,4;540;1;8;MB;12;0;12;;;;;;;;;;;;12,2;100;100;100;50;10;0;0;12;8,6
29/05/2013;Tremie;1351,4;540;1;10;MB;12;0;12;;;;;;;;;;;;12,6;100;100;100;7;0;0;0;12;8,07
29/05/2013;Tremie;1351,4;540;1;12;MB;12;0;12;;;;;;;;;;;;12,5;100;100;90;3;1;1;0;12;7,95
29/05/2013;Tremie;1351,4;540;1;15;MB;12;0;12;;;;;;;;;;;;11,8;100;100;50;0;0;2;0;12;7,52
29/05/2013;Tremie;1351,4;540;2;18;MB;12;0;12;;;;;;;;;;;;10,5;100;100;95;3;0;1;0;12;7,99
29/05/2013;Tremie;1351,4;540;2;20;MB;12;0;12;;;;;;;;;;;;11,2;100;100;90;0;0;1;0;12;7,91
29/05/2013;Tremie;1351,4;540;2;22;MB;12;0;12;;;;;;;;;;;;11,8;100;100;60;1;0;1;0;12;7,62
29/05/2013;Tremie;1351,4;540;2;24;MB;12;0;12;;;;;;;;;;;;12,7;100;100;60;0;0;0;0;12;7,6
29/05/2013;Tremie;1351,4;540;2;25;MB;12;0;12;;;;;;;;;;;;12,0;100;100;60;1;0;0;0;12;7,61
29/05/2013;Tremie;1351,4;540;2;29;MB;12;0;12;;;;;;;;;;;;12,2;100;100;60;2;0;0;0;12;7,62
29/05/2013;Tremie;1351,4;540;2;30;MB;12;0;12;;;;;;;;;;;;12,7;100;100;50;1;0;1;0;12;7,52
03/06/2013;Tremie;1414,7;603,3;1;2;MB;;;11;;;;;;;;;;;;;100;100;60;5;3;1;;11;7,69
03/06/2013;Tremie;1414,7;603,3;1;3;MB;;;11;;;;;;;;;;;;;100;100;95;0;5;1;;11;8,01
03/06/2013;Tremie;1414,7;603,3;1;4;MB;;;11;;;;;;;;;;;;;100;100;50;3;1;1;;11;7,55
03/06/2013;Tremie;1414,7;603,3;1;5;MB;;;11;;;;;;;;;;;;;100;100;40;2;2;2;;11;7,46
03/06/2013;Tremie;1414,7;603,3;1;6;MB;;;11;;;;;;;;;;;;;100;100;40;2;1;0;;11;7,43
03/06/2013;Tremie;1414,7;603,3;1;9;MB;;;11;;;;;;;;;;;;;100;100;100;5;2;0;;11;8,07
03/06/2013;Tremie;1414,7;603,3;1;11;MB;;;11;;;;;;;;;;;;;100;100;100;2;3;0;;11;8,05
03/06/2013;Tremie;1414,7;603,3;1;13;MB;;;11;;;;;;;;;;;;;100;100;100;1;1;0;;11;8,02
03/06/2013;Tremie;1414,7;603,3;1;14;MB;;;11;;;;;;;;;;;;;100;100;100;5;3;1;;11;8,09
03/06/2013;Tremie;1414,7;603,3;2;16;MB;;;11;;;;;;;;;;;;;100;100;70;2;0;0;;11;7,72
03/06/2013;Tremie;1414,7;603,3;2;17;MB;;;11;;;;;;;;;;;;;100;100;100;1;10;0;;11;8,11
03/06/2013;Tremie;1414,7;603,3;2;19;MB;;;11;;;;;;;;;;;;;100;100;100;2;1;0;;11;8,03
03/06/2013;Tremie;1414,7;603,3;2;21;MB;;;11;;;;;;;;;;;;;100;100;50;2;1;0;;11;7,53
03/06/2013;Tremie;1414,7;603,3;2;23;MB;;;11;;;;;;;;;;;;;100;100;80;0;1;0;;11;7,81
03/06/2013;Tremie;1414,7;603,3;2;26;MB;;;11;;;;;;;;;;;;;100;100;100;1;2;0;;11;8,03
03/06/2013;Tremie;1414,7;603,3;2;27;MB;;;11;;;;;;;;;;;;;100;100;100;1;1;0;;11;8,02
03/06/2013;Tremie;1414,7;603,3;2;28;MB;;;11;;;;;;;;;;;;;100;100;15;1;3;2;;11;7,21
03/06/2013;Tremie;1414,7;603,3;3;31;MB;;;11;;;;;;;;;;;;;100;100;75;3;3;1;;11;7,82
03/06/2013;Tremie;1414,7;603,3;3;32;MB;;;11;;;;;;;;;;;;;100;100;80;3;3;0;;11;7,86
03/06/2013;Tremie;1414,7;603,3;3;33;MB;;;11;;;;;;;;;;;;;100;100;80;5;3;1;;11;7,89
03/06/2013;Tremie;1414,7;603,3;3;34;MB;;;11;;;;;;;;;;;;;100;100;100;5;3;0;;11;8,08
03/06/2013;Tremie;1414,7;603,3;3;35;MB;;;11;;;;;;;;;;;;;100;100;100;2;3;1;;11;8,06
03/06/2013;Tremie;1414,7;603,3;3;36;MB;;;11;;;;;;;;;;;;;100;100;60;5;2;1;;11;7,68
03/06/2013;Tremie;1414,7;603,3;3;37;MB;;;11;;;;;;;;;;;;;100;100;100;20;5;1;;11;8,26
03/06/2013;Tremie;1414,7;603,3;3;38;MB;;;11;;;;;;;;;;;;;100;100;50;1;2;1;;11;7,54
03/06/2013;Tremie;1414,7;603,3;3;39;MB;;;11;;;;;;;;;;;;;100;100;20;0;1;0;;11;7,21
03/06/2013;Tremie;1414,7;603,3;3;40;MB;;;11;;;;;;;;;;;;;100;100;60;0;1;1;;11;7,62
03/06/2013;Tremie;1414,7;603,3;3;41;MB;;;11;;;;;;;;;;;;;100;100;50;2;1;0;;11;7,53
03/06/2013;Tremie;1414,7;603,3;3;42;MB;;;11;;;;;;;;;;;;;100;100;50;3;1;0;;11;7,54
03/06/2013;Tremie;1414,7;603,3;3;43;MB;;;11;;;;;;;;;;;;;100;100;25;0;2;1;;11;7,28
03/06/2013;Tremie;1414,7;603,3;3;44;MB;;;11;;;;;;;;;;;;;100;100;25;3;2;0;;11;7,3
03/06/2013;Tremie;1414,7;603,3;3;45;MB;;;11;;;;;;;;;;;;;100;100;50;2;2;0;;11;7,54
03/06/2013;Tremie;1414,7;603,3;1;1;MB;;;12;;;;;;;;;;;;;100;100;80;5;5;0;0;12;7,9
03/06/2013;Tremie;1414,7;603,3;1;7;MB;;;12;;;;;;;;;;;;;100;100;100;15;2;2;0;12;8,19
03/06/2013;Tremie;1414,7;603,3;1;8;MB;;;12;;;;;;;;;;;;;100;100;100;95;40;1;0;12;9,36
03/06/2013;Tremie;1414,7;603,3;1;10;MB;;;12;;;;;;;;;;;;;100;100;100;25;0;2;0;12;8,27
03/06/2013;Tremie;1414,7;603,3;1;12;MB;;;12;;;;;;;;;;;;;100;100;100;5;5;2;1;12;8,13
03/06/2013;Tremie;1414,7;603,3;1;15;MB;;;12;;;;;;;;;;;;;100;100;90;2;2;2;0;12;7,96
03/06/2013;Tremie;1414,7;603,3;2;18;MB;;;12;;;;;;;;;;;;;100;100;100;15;3;2;1;12;8,21
03/06/2013;Tremie;1414,7;603,3;2;20;MB;;;12;;;;;;;;;;;;;100;100;95;2;1;1;0;12;7,99
03/06/2013;Tremie;1414,7;603,3;2;22;MB;;;12;;;;;;;;;;;;;100;100;95;5;1;1;0;12;8,02
03/06/2013;Tremie;1414,7;603,3;2;24;MB;;;12;;;;;;;;;;;;;100;100;100;1;1;0;0;12;8,02
03/06/2013;Tremie;1414,7;603,3;2;25;MB;;;12;;;;;;;;;;;;;100;100;85;3;1;0;0;12;7,89
03/06/2013;Tremie;1414,7;603,3;2;29;MB;;;12;;;;;;;;;;;;;100;100;100;2;2;1;0;12;8,05
03/06/2013;Tremie;1414,7;603,3;2;30;MB;;;12;;;;;;;;;;;;;100;100;65;5;1;1;0;12;7,72
11/06/2013;Tremie;1545,7;734,3;1;2;MB;;;11;;;;;;;;;;;;;100;100;100;15;22;3;;11;8,4
11/06/2013;Tremie;1545,7;734,3;1;3;MB;;;11;;;;;;;;;;;;;100;100;100;10;10;1;;11;8,21
11/06/2013;Tremie;1545,7;734,3;1;4;MB;;;11;;;;;;;;;;;;;100;100;70;5;2;100;;11;8,77
11/06/2013;Tremie;1545,7;734,3;1;5;MB;;;11;;;;;;;;;;;;;100;100;90;10;10;5;;11;8,15
11/06/2013;Tremie;1545,7;734,3;1;6;MB;;;11;;;;;;;;;;;;;100;100;100;10;5;100;;11;9,15
11/06/2013;Tremie;1545,7;734,3;1;9;MB;;;11;;;;;;;;;;;;;100;100;100;85;15;3;;11;9,03
11/06/2013;Tremie;1545,7;734,3;1;11;MB;;;11;;;;;;;;;;;;;100;100;100;30;12;3;;11;8,45
11/06/2013;Tremie;1545,7;734,3;1;13;MB;;;11;;;;;;;;;;;;;100;100;100;5;10;2;;11;8,17
11/06/2013;Tremie;1545,7;734,3;1;14;MB;;;11;;;;;;;;;;;;;100;100;100;80;12;20;;11;9,12
11/06/2013;Tremie;1545,7;734,3;2;16;MB;;;11;;;;;;;;;;;;;100;100;100;6;2;2;;11;8,1
11/06/2013;Tremie;1545,7;734,3;2;17;MB;;;11;;;;;;;;;;;;;100;100;100;80;20;3;;11;9,03
11/06/2013;Tremie;1545,7;734,3;2;19;MB;;;11;;;;;;;;;;;;;100;100;100;12;5;5;;11;8,22
11/06/2013;Tremie;1545,7;734,3;2;21;MB;;;11;;;;;;;;;;;;;100;100;100;50;2;2;;11;8,54
11/06/2013;Tremie;1545,7;734,3;2;23;MB;;;11;;;;;;;;;;;;;100;100;100;10;5;1;;11;8,16
11/06/2013;Tremie;1545,7;734,3;2;26;MB;;;11;;;;;;;;;;;;;100;100;100;10;5;1;;11;8,16
11/06/2013;Tremie;1545,7;734,3;2;27;MB;;;11;;;;;;;;;;;;;100;100;100;5;5;3;;11;8,13
11/06/2013;Tremie;1545,7;734,3;2;28;MB;;;11;;;;;;;;;;;;;100;100;60;5;15;3;;11;7,83
11/06/2013;Tremie;1545,7;734,3;3;31;MB;;;11;;;;;;;;;;;;;100;100;100;10;15;5;;11;8,3
11/06/2013;Tremie;1545,7;734,3;3;32;MB;;;11;;;;;;;;;;;;;100;100;100;10;5;3;;11;8,18
11/06/2013;Tremie;1545,7;734,3;3;33;MB;;;11;;;;;;;;;;;;;100;100;100;25;5;7;;11;8,37
11/06/2013;Tremie;1545,7;734,3;3;34;MB;;;11;;;;;;;;;;;;;100;100;100;80;5;94;;11;9,79
11/06/2013;Tremie;1545,7;734,3;3;35;MB;;;11;;;;;;;;;;;;;100;100;100;10;5;2;;11;8,17
11/06/2013;Tremie;1545,7;734,3;3;36;MB;;;11;;;;;;;;;;;;;100;100;100;10;5;2;;11;8,17
11/06/2013;Tremie;1545,7;734,3;3;37;MB;;;11;;;;;;;;;;;;;100;100;100;90;50;5;;11;9,45
11/06/2013;Tremie;1545,7;734,3;3;38;MB;;;11;;;;;;;;;;;;;100;100;100;5;5;2;;11;8,12
11/06/2013;Tremie;1545,7;734,3;3;39;MB;;;11;;;;;;;;;;;;;100;100;100;5;3;2;;11;8,1
11/06/2013;Tremie;1545,7;734,3;3;40;MB;;;11;;;;;;;;;;;;;100;100;100;10;4;3;;11;8,17
11/06/2013;Tremie;1545,7;734,3;3;41;MB;;;11;;;;;;;;;;;;;100;100;100;25;5;2;;11;8,32
11/06/2013;Tremie;1545,7;734,3;3;42;MB;;;11;;;;;;;;;;;;;100;100;100;15;5;2;;11;8,22
11/06/2013;Tremie;1545,7;734,3;3;43;MB;;;11;;;;;;;;;;;;;100;100;100;5;6;4;;11;8,15
11/06/2013;Tremie;1545,7;734,3;3;44;MB;;;11;;;;;;;;;;;;;100;100;40;20;5;3;;11;7,68
11/06/2013;Tremie;1545,7;734,3;3;45;MB;;;11;;;;;;;;;;;;;100;100;95;12;5;3;;11;8,15
11/06/2013;Tremie;1545,7;734,3;1;1;MB;;;12;;;;;;;;;;;;;100;100;100;35;30;4;1;12;8,7
11/06/2013;Tremie;1545,7;734,3;1;7;MB;;;12;;;;;;;;;;;;;100;100;100;40;12;4;2;12;8,58
11/06/2013;Tremie;1545,7;734,3;1;8;MB;;;12;;;;;;;;;;;;;100;100;100;100;100;7;3;12;10,1
11/06/2013;Tremie;1545,7;734,3;1;10;MB;;;12;;;;;;;;;;;;;100;100;100;85;91;5;3;12;9,84
11/06/2013;Tremie;1545,7;734,3;1;12;MB;;;12;;;;;;;;;;;;;100;100;100;60;30;7;2;12;8,99
11/06/2013;Tremie;1545,7;734,3;1;15;MB;;;12;;;;;;;;;;;;;100;100;100;20;15;6;2;12;8,43
11/06/2013;Tremie;1545,7;734,3;2;18;MB;;;12;;;;;;;;;;;;;100;100;100;100;40;20;5;12;9,65
11/06/2013;Tremie;1545,7;734,3;2;20;MB;;;12;;;;;;;;;;;;;100;100;100;40;13;4;1;12;8,58
11/06/2013;Tremie;1545,7;734,3;2;22;MB;;;12;;;;;;;;;;;;;100;100;100;60;12;3;1;12;8,76
11/06/2013;Tremie;1545,7;734,3;2;24;MB;;;12;;;;;;;;;;;;;100;100;100;10;11;1;1;12;8,23
11/06/2013;Tremie;1545,7;734,3;2;25;MB;;;12;;;;;;;;;;;;;100;100;100;20;15;2;2;12;8,39
11/06/2013;Tremie;1545,7;734,3;2;29;MB;;;12;;;;;;;;;;;;;100;100;100;35;8;4;3;12;8,5
11/06/2013;Tremie;1545,7;734,3;2;30;MB;;;12;;;;;;;;;;;;;100;100;100;30;10;2;1;12;8,43
17/06/2013;Tremie;1639;827,6;1;2;MB;;;11;;;;;;;;;;;;;100;100;100;45;30;5;;11;8,8
17/06/2013;Tremie;1639;827,6;1;3;MB;;;11;;;;;;;;;;;;;100;100;100;80;35;13;;11;9,28
17/06/2013;Tremie;1639;827,6;1;4;MB;;;11;;;;;;;;;;;;;100;100;100;20;27;6;;11;8,53
17/06/2013;Tremie;1639;827,6;1;5;MB;;;11;;;;;;;;;;;;;100;100;100;40;32;14;;11;8,86
17/06/2013;Tremie;1639;827,6;1;6;MB;;;11;;;;;;;;;;;;;100;100;100;45;13;6;;11;8,64
17/06/2013;Tremie;1639;827,6;1;9;MB;;;11;;;;;;;;;;;;;100;100;100;100;40;8;;11;9,48
17/06/2013;Tremie;1639;827,6;1;11;MB;;;11;;;;;;;;;;;;;100;100;100;100;45;10;;11;9,55
17/06/2013;Tremie;1639;827,6;1;13;MB;;;11;;;;;;;;;;;;;100;100;100;30;40;18;;11;8,88
17/06/2013;Tremie;1639;827,6;1;14;MB;;;11;;;;;;;;;;;;;100;100;100;100;35;28;;11;9,63
17/06/2013;Tremie;1639;827,6;2;16;MB;;;11;;;;;;;;;;;;;100;100;100;45;37;9;;11;8,91
17/06/2013;Tremie;1639;827,6;2;17;MB;;;11;;;;;;;;;;;;;100;100;100;100;32;8;;11;9,4
17/06/2013;Tremie;1639;827,6;2;19;MB;;;11;;;;;;;;;;;;;100;100;100;100;30;10;;11;9,4
17/06/2013;Tremie;1639;827,6;2;21;MB;;;11;;;;;;;;;;;;;100;100;100;100;10;7;;11;9,17
17/06/2013;Tremie;1639;827,6;2;23;MB;;;11;;;;;;;;;;;;;100;100;100;90;45;6;;11;9,41
17/06/2013;Tremie;1639;827,6;2;26;MB;;;11;;;;;;;;;;;;;100;100;100;25;25;3;;11;8,53
17/06/2013;Tremie;1639;827,6;2;27;MB;;;11;;;;;;;;;;;;;100;100;100;50;20;10;;11;8,8
17/06/2013;Tremie;1639;827,6;2;28;MB;;;11;;;;;;;;;;;;;100;100;100;40;25;6;;11;8,71
17/06/2013;Tremie;1639;827,6;3;31;MB;;;11;;;;;;;;;;;;;100;100;100;70;48;23;;11;9,41
17/06/2013;Tremie;1639;827,6;3;32;MB;;;11;;;;;;;;;;;;;100;100;100;92;33;12;;11;9,37
17/06/2013;Tremie;1639;827,6;3;33;MB;;;11;;;;;;;;;;;;;100;100;100;85;12;13;;11;9,1
17/06/2013;Tremie;1639;827,6;3;34;MB;;;11;;;;;;;;;;;;;100;100;100;100;32;29;;11;9,61
17/06/2013;Tremie;1639;827,6;3;35;MB;;;11;;;;;;;;;;;;;100;100;100;75;33;9;;11;9,17
17/06/2013;Tremie;1639;827,6;3;36;MB;;;11;;;;;;;;;;;;;100;100;100;30;26;4;;11;8,6
17/06/2013;Tremie;1639;827,6;3;37;MB;;;11;;;;;;;;;;;;;100;100;100;100;100;35;;11;10,35
17/06/2013;Tremie;1639;827,6;3;38;MB;;;11;;;;;;;;;;;;;100;100;100;32;28;6;;11;8,66
17/06/2013;Tremie;1639;827,6;3;39;MB;;;11;;;;;;;;;;;;;100;100;100;35;28;5;;11;8,68
17/06/2013;Tremie;1639;827,6;3;40;MB;;;11;;;;;;;;;;;;;100;100;100;40;18;5;;11;8,63
17/06/2013;Tremie;1639;827,6;3;41;MB;;;11;;;;;;;;;;;;;100;100;100;50;17;4;;11;8,71
17/06/2013;Tremie;1639;827,6;3;42;MB;;;11;;;;;;;;;;;;;100;100;100;80;12;7;;11;8,99
17/06/2013;Tremie;1639;827,6;3;43;MB;;;11;;;;;;;;;;;;;100;100;100;37;42;5;;11;8,84
17/06/2013;Tremie;1639;827,6;3;44;MB;;;11;;;;;;;;;;;;;100;100;100;42;18;4;;11;8,64
17/06/2013;Tremie;1639;827,6;3;45;MB;;;11;;;;;;;;;;;;;100;100;100;45;13;6;;11;8,64
17/06/2013;Tremie;1639;827,6;1;1;MB;;;12;;;;;;;;;;;;;100;100;100;100;75;28;3;12;10,06
17/06/2013;Tremie;1639;827,6;1;7;MB;;;12;;;;;;;;;;;;;100;100;100;100;80;30;6;12;10,16
17/06/2013;Tremie;1639;827,6;1;8;MB;;;12;;;;;;;;;;;;;100;100;100;100;100;75;3;12;10,78
17/06/2013;Tremie;1639;827,6;1;10;MB;;;12;;;;;;;;;;;;;100;100;100;100;48;28;6;12;9,82
17/06/2013;Tremie;1639;827,6;1;12;MB;;;12;;;;;;;;;;;;;100;100;100;100;50;20;4;12;9,74
17/06/2013;Tremie;1639;827,6;1;15;MB;;;12;;;;;;;;;;;;;100;100;100;100;68;45;5;12;10,18
17/06/2013;Tremie;1639;827,6;2;18;MB;;;12;;;;;;;;;;;;;100;100;100;100;85;85;12;12;10,82
17/06/2013;Tremie;1639;827,6;2;20;MB;;;12;;;;;;;;;;;;;100;100;100;100;35;15;4;12;9,54
17/06/2013;Tremie;1639;827,6;2;22;MB;;;12;;;;;;;;;;;;;100;100;100;100;50;45;4;12;9,99
17/06/2013;Tremie;1639;827,6;2;24;MB;;;12;;;;;;;;;;;;;100;100;100;100;100;40;3;12;10,43
17/06/2013;Tremie;1639;827,6;2;25;MB;;;12;;;;;;;;;;;;;100;100;100;100;40;9;6;12;9,55
17/06/2013;Tremie;1639;827,6;2;29;MB;;;12;;;;;;;;;;;;;100;100;100;100;50;24;8;12;9,82
17/06/2013;Tremie;1639;827,6;2;30;MB;;;12;;;;;;;;;;;;;100;100;100;80;20;8;4;12;9,12
24/06/2013;Tremie;1762,5;951,1;1;2;MB;;;11;;;;;;;;;;;;;100;100;100;100;100;30;;11;10,3
24/06/2013;Tremie;1762,5;951,1;1;3;MB;;;11;;;;;;;;;;;;;100;100;100;100;100;35;;11;10,35
24/06/2013;Tremie;1762,5;951,1;1;4;MB;;;11;;;;;;;;;;;;;100;100;100;30;33;15;;11;8,78
24/06/2013;Tremie;1762,5;951,1;1;5;MB;;;11;;;;;;;;;;;;;100;100;100;100;100;20;;11;10,2
24/06/2013;Tremie;1762,5;951,1;1;6;MB;;;11;;;;;;;;;;;;;100;100;100;95;60;17;;11;9,72
24/06/2013;Tremie;1762,5;951,1;1;9;MB;;;11;;;;;;;;;;;;;100;100;100;100;75;15;;11;9,9
24/06/2013;Tremie;1762,5;951,1;1;11;MB;;;11;;;;;;;;;;;;;100;100;100;100;95;15;;11;10,1
24/06/2013;Tremie;1762,5;951,1;1;13;MB;;;11;;;;;;;;;;;;;100;100;100;100;95;25;;11;10,2
24/06/2013;Tremie;1762,5;951,1;1;14;MB;;;11;;;;;;;;;;;;;100;100;100;100;100;40;;11;10,4
24/06/2013;Tremie;1762,5;951,1;2;16;MB;;;11;;;;;;;;;;;;;100;100;100;100;95;17;;11;10,12
24/06/2013;Tremie;1762,5;951,1;2;17;MB;;;11;;;;;;;;;;;;;100;100;100;100;80;20;;11;10
24/06/2013;Tremie;1762,5;951,1;2;19;MB;;;11;;;;;;;;;;;;;100;100;100;100;90;20;;11;10,1
24/06/2013;Tremie;1762,5;951,1;2;21;MB;;;11;;;;;;;;;;;;;100;100;100;100;80;15;;11;9,95
24/06/2013;Tremie;1762,5;951,1;2;23;MB;;;11;;;;;;;;;;;;;100;100;100;100;95;25;;11;10,2
24/06/2013;Tremie;1762,5;951,1;2;26;MB;;;11;;;;;;;;;;;;;100;100;100;100;52;10;;11;9,62
24/06/2013;Tremie;1762,5;951,1;2;27;MB;;;11;;;;;;;;;;;;;100;100;100;90;55;10;;11;9,55
24/06/2013;Tremie;1762,5;951,1;2;28;MB;;;11;;;;;;;;;;;;;100;100;100;100;70;35;;11;10,05
24/06/2013;Tremie;1762,5;951,1;3;31;MB;;;11;;;;;;;;;;;;;100;100;100;100;80;20;;11;10
24/06/2013;Tremie;1762,5;951,1;3;32;MB;;;11;;;;;;;;;;;;;100;100;100;100;90;17;;11;10,07
24/06/2013;Tremie;1762,5;951,1;3;33;MB;;;11;;;;;;;;;;;;;100;100;100;100;55;20;;11;9,75
24/06/2013;Tremie;1762,5;951,1;3;34;MB;;;11;;;;;;;;;;;;;100;100;100;100;95;30;;11;10,25
24/06/2013;Tremie;1762,5;951,1;3;35;MB;;;11;;;;;;;;;;;;;100;100;100;100;100;15;;11;10,15
24/06/2013;Tremie;1762,5;951,1;3;36;MB;;;11;;;;;;;;;;;;;100;100;100;100;45;10;;11;9,55
24/06/2013;Tremie;1762,5;951,1;3;37;MB;;;11;;;;;;;;;;;;;100;100;100;100;100;90;;11;10,9
24/06/2013;Tremie;1762,5;951,1;3;38;MB;;;11;;;;;;;;;;;;;100;100;100;100;80;7;;11;9,87
24/06/2013;Tremie;1762,5;951,1;3;39;MB;;;11;;;;;;;;;;;;;100;100;100;100;35;7;;11;9,42
24/06/2013;Tremie;1762,5;951,1;3;40;MB;;;11;;;;;;;;;;;;;100;100;100;100;40;15;;11;9,55
24/06/2013;Tremie;1762,5;951,1;3;41;MB;;;11;;;;;;;;;;;;;100;100;100;100;35;10;;11;9,45
24/06/2013;Tremie;1762,5;951,1;3;42;MB;;;11;;;;;;;;;;;;;100;100;100;100;35;10;;11;9,45
24/06/2013;Tremie;1762,5;951,1;3;43;MB;;;11;;;;;;;;;;;;;100;100;100;100;70;30;;11;10
24/06/2013;Tremie;1762,5;951,1;3;44;MB;;;11;;;;;;;;;;;;;100;100;100;100;90;7;;11;9,97
24/06/2013;Tremie;1762,5;951,1;3;45;MB;;;11;;;;;;;;;;;;;100;100;100;90;65;8;;11;9,63
24/06/2013;Tremie;1762,5;951,1;1;1;MB;;;12;;;;;;;;;;;;;100;100;100;100;100;60;7;12;10,67
24/06/2013;Tremie;1762,5;951,1;1;7;MB;;;12;;;;;;;;;;;;;100;100;100;100;100;90;7;12;10,97
24/06/2013;Tremie;1762,5;951,1;1;8;MB;;;12;;;;;;;;;;;;;100;100;100;100;100;100;15;12;11,15
24/06/2013;Tremie;1762,5;951,1;1;10;MB;;;12;;;;;;;;;;;;;100;100;100;100;100;80;12;12;10,92
24/06/2013;Tremie;1762,5;951,1;1;12;MB;;;12;;;;;;;;;;;;;100;100;100;100;100;50;7;12;10,57
24/06/2013;Tremie;1762,5;951,1;1;15;MB;;;12;;;;;;;;;;;;;100;100;100;100;90;90;7;12;10,87
24/06/2013;Tremie;1762,5;951,1;2;18;MB;;;12;;;;;;;;;;;;;100;100;100;100;0;85;23;12;10,08
24/06/2013;Tremie;1762,5;951,1;2;20;MB;;;12;;;;;;;;;;;;;100;100;100;100;75;65;7;12;10,47
24/06/2013;Tremie;1762,5;951,1;2;22;MB;;;12;;;;;;;;;;;;;100;100;100;100;100;80;7;12;10,87
24/06/2013;Tremie;1762,5;951,1;2;24;MB;;;12;;;;;;;;;;;;;100;100;100;100;100;90;7;12;10,97
24/06/2013;Tremie;1762,5;951,1;2;25;MB;;;12;;;;;;;;;;;;;100;100;100;100;100;20;7;12;10,27
24/06/2013;Tremie;1762,5;951,1;2;30;MB;;;12;;;;;;;;;;;;;100;100;100;100;50;35;7;12;12
24/06/2013;Tremie;1762,5;951,1;2;29;MB;;;12;;;;;;;;;;;;;100;100;;;;;;12;9,92
02/07/2013;Tremie;1883,7;1072,3;1;2;MB;;;11;;;;;;;;;;;;;100;100;100;100;100;100;;11;11
02/07/2013;Tremie;1883,7;1072,3;1;3;MB;;;11;;;;;;;;;;;;;100;100;100;100;100;90;;11;10,9
02/07/2013;Tremie;1883,7;1072,3;1;4;MB;;;11;;;;;;;;;;;;;100;100;100;100;100;95;;11;10,95
02/07/2013;Tremie;1883,7;1072,3;1;5;MB;;;11;;;;;;;;;;;;;100;100;100;100;100;100;;11;11
02/07/2013;Tremie;1883,7;1072,3;1;6;MB;;;11;;;;;;;;;;;;;100;100;100;100;100;55;;11;10,55
02/07/2013;Tremie;1883,7;1072,3;1;9;MB;;;11;;;;;;;;;;;;;100;100;100;100;100;95;;11;10,95
02/07/2013;Tremie;1883,7;1072,3;1;11;MB;;;11;;;;;;;;;;;;;100;100;100;100;100;50;;11;10,5
02/07/2013;Tremie;1883,7;1072,3;1;13;MB;;;11;;;;;;;;;;;;;100;100;100;100;100;100;;11;11
02/07/2013;Tremie;1883,7;1072,3;1;14;MB;;;11;;;;;;;;;;;;;100;100;100;100;100;95;;11;10,95
02/07/2013;Tremie;1883,7;1072,3;2;16;MB;;;11;;;;;;;;;;;;;100;100;100;100;100;95;;11;10,95
02/07/2013;Tremie;1883,7;1072,3;2;17;MB;;;11;;;;;;;;;;;;;100;100;100;100;100;95;;11;10,95
02/07/2013;Tremie;1883,7;1072,3;2;19;MB;;;11;;;;;;;;;;;;;100;100;100;100;100;95;;11;10,95
02/07/2013;Tremie;1883,7;1072,3;2;21;MB;;;11;;;;;;;;;;;;;100;100;100;100;100;100;;11;11
02/07/2013;Tremie;1883,7;1072,3;2;23;MB;;;11;;;;;;;;;;;;;100;100;100;100;100;90;;11;10,9
02/07/2013;Tremie;1883,7;1072,3;2;26;MB;;;11;;;;;;;;;;;;;100;100;100;100;100;35;;11;10,35
02/07/2013;Tremie;1883,7;1072,3;2;27;MB;;;11;;;;;;;;;;;;;100;100;100;100;100;90;;11;10,9
02/07/2013;Tremie;1883,7;1072,3;2;28;MB;;;11;;;;;;;;;;;;;100;100;100;100;100;100;;11;11
02/07/2013;Tremie;1883,7;1072,3;3;31;MB;;;11;;;;;;;;;;;;;100;100;100;100;100;100;;11;11
02/07/2013;Tremie;1883,7;1072,3;3;32;MB;;;11;;;;;;;;;;;;;100;100;100;100;100;60;;11;10,6
02/07/2013;Tremie;1883,7;1072,3;3;33;MB;;;11;;;;;;;;;;;;;100;100;100;100;90;80;;11;10,7
02/07/2013;Tremie;1883,7;1072,3;3;34;MB;;;11;;;;;;;;;;;;;100;100;100;100;100;90;;11;10,9
02/07/2013;Tremie;1883,7;1072,3;3;35;MB;;;11;;;;;;;;;;;;;100;100;100;100;100;60;;11;10,6
02/07/2013;Tremie;1883,7;1072,3;3;36;MB;;;11;;;;;;;;;;;;;100;100;100;100;95;50;;11;10,45
02/07/2013;Tremie;1883,7;1072,3;3;37;MB;;;11;;;;;;;;;;;;;100;100;100;100;100;100;;11;11
02/07/2013;Tremie;1883,7;1072,3;3;38;MB;;;11;;;;;;;;;;;;;100;100;100;100;100;60;;11;10,6
02/07/2013;Tremie;1883,7;1072,3;3;39;MB;;;11;;;;;;;;;;;;;100;100;100;100;100;30;;11;10,3
02/07/2013;Tremie;1883,7;1072,3;3;40;MB;;;11;;;;;;;;;;;;;100;100;100;100;100;100;;11;11
02/07/2013;Tremie;1883,7;1072,3;3;41;MB;;;11;;;;;;;;;;;;;100;100;100;100;95;95;;11;10,9
02/07/2013;Tremie;1883,7;1072,3;3;42;MB;;;11;;;;;;;;;;;;;100;100;100;100;95;80;;11;10,75
02/07/2013;Tremie;1883,7;1072,3;3;43;MB;;;11;;;;;;;;;;;;;100;100;100;100;100;90;;11;10,9
02/07/2013;Tremie;1883,7;1072,3;3;44;MB;;;11;;;;;;;;;;;;;100;100;100;100;100;30;;11;10,3
02/07/2013;Tremie;1883,7;1072,3;3;45;MB;;;11;;;;;;;;;;;;;100;100;100;100;100;95;;11;10,95
02/07/2013;Tremie;1883,7;1072,3;1;1;MB;;;12;;;;;;;;;;;;;100;100;100;100;100;100;47;12;11,47
02/07/2013;Tremie;1883,7;1072,3;1;7;MB;;;12;;;;;;;;;;;;;100;100;100;100;100;100;95;12;11,95
02/07/2013;Tremie;1883,7;1072,3;1;8;MB;;;12;;;;;;;;;;;;;100;100;100;100;100;100;100;12;12
02/07/2013;Tremie;1883,7;1072,3;1;10;MB;;;12;;;;;;;;;;;;;100;100;100;100;100;100;95;12;11,95
02/07/2013;Tremie;1883,7;1072,3;1;12;MB;;;12;;;;;;;;;;;;;100;100;100;100;100;97;95;12;11,92
02/07/2013;Tremie;1883,7;1072,3;1;15;MB;;;12;;;;;;;;;;;;;100;100;100;100;100;100;55;12;11,55
02/07/2013;Tremie;1883,7;1072,3;2;18;MB;;;12;;;;;;;;;;;;;100;100;100;100;100;100;100;12;12
02/07/2013;Tremie;1883,7;1072,3;2;20;MB;;;12;;;;;;;;;;;;;100;100;100;100;100;95;45;12;11,4
02/07/2013;Tremie;1883,7;1072,3;2;22;MB;;;12;;;;;;;;;;;;;100;100;100;100;100;100;35;12;11,35
02/07/2013;Tremie;1883,7;1072,3;2;24;MB;;;12;;;;;;;;;;;;;100;100;100;100;100;90;35;12;11,25
02/07/2013;Tremie;1883,7;1072,3;2;25;MB;;;12;;;;;;;;;;;;;100;100;100;100;100;60;15;12;10,75
02/07/2013;Tremie;1883,7;1072,3;2;30;MB;;;12;;;;;;;;;;;;;100;100;100;100;100;90;50;12;12
02/07/2013;Tremie;1883,7;1072,3;2;29;MB;;;12;;;;;;;;;;;;;100;100;;;;;;12;11,4
08/07/2013;Tremie;1998,6;1187,2;2;28;MB;;;11;;;;;;;;;;;;;100;100;;;;;;11;11
08/07/2013;Tremie;1998,6;1187,2;1;2;MB;;;11;;;;;;;;;;;;;100;100;100;100;100;100;;11;11
08/07/2013;Tremie;1998,6;1187,2;1;3;MB;;;11;;;;;;;;;;;;;100;100;100;100;100;100;;11;11
08/07/2013;Tremie;1998,6;1187,2;1;4;MB;;;11;;;;;;;;;;;;;100;100;100;100;100;100;;11;11
08/07/2013;Tremie;1998,6;1187,2;1;5;MB;;;11;;;;;;;;;;;;;100;100;100;100;100;100;;11;11
08/07/2013;Tremie;1998,6;1187,2;1;6;MB;;;11;;;;;;;;;;;;;100;100;100;100;100;100;;11;11
08/07/2013;Tremie;1998,6;1187,2;1;9;MB;;;11;;;;;;;;;;;;;100;100;100;100;100;100;;11;11
08/07/2013;Tremie;1998,6;1187,2;1;11;MB;;;11;;;;;;;;;;;;;100;100;100;100;100;100;;11;11
08/07/2013;Tremie;1998,6;1187,2;1;13;MB;;;11;;;;;;;;;;;;;100;100;100;100;100;100;;11;11
08/07/2013;Tremie;1998,6;1187,2;1;14;MB;;;11;;;;;;;;;;;;;100;100;100;100;100;100;;11;11
08/07/2013;Tremie;1998,6;1187,2;2;16;MB;;;11;;;;;;;;;;;;;100;100;100;100;100;100;;11;11
08/07/2013;Tremie;1998,6;1187,2;2;17;MB;;;11;;;;;;;;;;;;;100;100;100;100;100;100;;11;11
08/07/2013;Tremie;1998,6;1187,2;2;19;MB;;;11;;;;;;;;;;;;;100;100;100;100;100;100;;11;11
08/07/2013;Tremie;1998,6;1187,2;2;21;MB;;;11;;;;;;;;;;;;;100;100;100;100;100;100;;11;11
08/07/2013;Tremie;1998,6;1187,2;2;23;MB;;;11;;;;;;;;;;;;;100;100;100;100;100;100;;11;10,9
08/07/2013;Tremie;1998,6;1187,2;2;26;MB;;;11;;;;;;;;;;;;;100;100;100;100;100;90;;11;11
08/07/2013;Tremie;1998,6;1187,2;2;27;MB;;;11;;;;;;;;;;;;;100;100;100;100;100;100;;11;11
08/07/2013;Tremie;1998,6;1187,2;3;31;MB;;;11;;;;;;;;;;;;;100;100;100;100;100;100;;11;11
08/07/2013;Tremie;1998,6;1187,2;3;32;MB;;;11;;;;;;;;;;;;;100;100;100;100;100;100;;11;11
08/07/2013;Tremie;1998,6;1187,2;3;33;MB;;;11;;;;;;;;;;;;;100;100;100;100;100;100;;11;11
08/07/2013;Tremie;1998,6;1187,2;3;34;MB;;;11;;;;;;;;;;;;;100;100;100;100;100;100;;11;11
08/07/2013;Tremie;1998,6;1187,2;3;35;MB;;;11;;;;;;;;;;;;;100;100;100;100;100;100;;11;11
08/07/2013;Tremie;1998,6;1187,2;3;36;MB;;;11;;;;;;;;;;;;;100;100;100;100;100;100;;11;11
08/07/2013;Tremie;1998,6;1187,2;3;37;MB;;;11;;;;;;;;;;;;;100;100;100;100;100;100;;11;11
08/07/2013;Tremie;1998,6;1187,2;3;38;MB;;;11;;;;;;;;;;;;;100;100;100;100;100;100;;11;11
08/07/2013;Tremie;1998,6;1187,2;3;39;MB;;;11;;;;;;;;;;;;;100;100;100;100;100;97;;11;10,97
08/07/2013;Tremie;1998,6;1187,2;3;40;MB;;;11;;;;;;;;;;;;;100;100;100;100;100;100;;11;11
08/07/2013;Tremie;1998,6;1187,2;3;41;MB;;;11;;;;;;;;;;;;;100;100;100;100;100;100;;11;11
08/07/2013;Tremie;1998,6;1187,2;3;42;MB;;;11;;;;;;;;;;;;;100;100;100;100;100;100;;11;11
08/07/2013;Tremie;1998,6;1187,2;3;43;MB;;;11;;;;;;;;;;;;;100;100;100;100;100;100;;11;11
08/07/2013;Tremie;1998,6;1187,2;3;44;MB;;;11;;;;;;;;;;;;;100;100;100;100;100;100;;11;11
08/07/2013;Tremie;1998,6;1187,2;3;45;MB;;;11;;;;;;;;;;;;;100;100;100;100;100;100;;11;11
08/07/2013;Tremie;1998,6;1187,2;1;1;MB;;;12;;;;;;;;;;;;;100;100;100;100;100;100;100;12;12
08/07/2013;Tremie;1998,6;1187,2;1;7;MB;;;12;;;;;;;;;;;;;100;100;100;100;100;100;100;12;12
08/07/2013;Tremie;1998,6;1187,2;1;8;MB;;;12;;;;;;;;;;;;;100;100;100;100;100;100;100;12;12
08/07/2013;Tremie;1998,6;1187,2;1;10;MB;;;12;;;;;;;;;;;;;100;100;100;100;100;100;100;12;12
08/07/2013;Tremie;1998,6;1187,2;1;12;MB;;;12;;;;;;;;;;;;;100;100;100;100;100;100;100;12;12
08/07/2013;Tremie;1998,6;1187,2;1;15;MB;;;12;;;;;;;;;;;;;100;100;100;100;100;100;100;12;12
08/07/2013;Tremie;1998,6;1187,2;2;18;MB;;;12;;;;;;;;;;;;;100;100;100;100;100;100;100;12;12
08/07/2013;Tremie;1998,6;1187,2;2;20;MB;;;12;;;;;;;;;;;;;100;100;100;100;100;100;100;12;12
08/07/2013;Tremie;1998,6;1187,2;2;22;MB;;;12;;;;;;;;;;;;;100;100;100;100;100;100;100;12;12
08/07/2013;Tremie;1998,6;1187,2;2;24;MB;;;12;;;;;;;;;;;;;100;100;100;100;100;100;100;12;12
08/07/2013;Tremie;1998,6;1187,2;2;25;MB;;;12;;;;;;;;;;;;;100;100;100;100;100;100;85;12;11,85
08/07/2013;Tremie;1998,6;1187,2;2;30;MB;;;12;;;;;;;;;;;;;100;100;100;100;100;100;98;12;12
08/07/2013;Tremie;1998,6;1187,2;2;29;MB;;;12;;;;;;;;;;;;;100;100;;;;;;12;11,98
15/07/2013;Tremie;2138,2;1326,8;1;2;MB;;;11;;;;;;;;;;;;;100;100;100;100;100;100;;11;11
15/07/2013;Tremie;2138,2;1326,8;1;3;MB;;;11;;;;;;;;;;;;;100;100;100;100;100;100;;11;11
15/07/2013;Tremie;2138,2;1326,8;1;4;MB;;;11;;;;;;;;;;;;;100;100;100;100;100;100;;11;11
15/07/2013;Tremie;2138,2;1326,8;1;5;MB;;;11;;;;;;;;;;;;;100;100;100;100;100;100;;11;11
15/07/2013;Tremie;2138,2;1326,8;1;6;MB;;;11;;;;;;;;;;;;;100;100;100;100;100;100;;11;11
15/07/2013;Tremie;2138,2;1326,8;1;9;MB;;;11;;;;;;;;;;;;;100;100;100;100;100;100;;11;11
15/07/2013;Tremie;2138,2;1326,8;1;11;MB;;;11;;;;;;;;;;;;;100;100;100;100;100;100;;11;11
15/07/2013;Tremie;2138,2;1326,8;1;13;MB;;;11;;;;;;;;;;;;;100;100;100;100;100;100;;11;11
15/07/2013;Tremie;2138,2;1326,8;1;14;MB;;;11;;;;;;;;;;;;;100;100;100;100;100;100;;11;11
15/07/2013;Tremie;2138,2;1326,8;2;16;MB;;;11;;;;;;;;;;;;;100;100;100;100;100;100;;11;11
15/07/2013;Tremie;2138,2;1326,8;2;17;MB;;;11;;;;;;;;;;;;;100;100;100;100;100;100;;11;11
15/07/2013;Tremie;2138,2;1326,8;2;19;MB;;;11;;;;;;;;;;;;;100;100;100;100;100;100;;11;11
15/07/2013;Tremie;2138,2;1326,8;2;21;MB;;;11;;;;;;;;;;;;;100;100;100;100;100;100;;11;11
15/07/2013;Tremie;2138,2;1326,8;2;23;MB;;;11;;;;;;;;;;;;;100;100;100;100;100;100;;11;11
15/07/2013;Tremie;2138,2;1326,8;2;26;MB;;;11;;;;;;;;;;;;;100;100;100;100;100;100;;11;11
15/07/2013;Tremie;2138,2;1326,8;2;27;MB;;;11;;;;;;;;;;;;;100;100;100;100;100;100;;11;11
15/07/2013;Tremie;2138,2;1326,8;2;28;MB;;;11;;;;;;;;;;;;;100;100;;;;;;11;11
15/07/2013;Tremie;2138,2;1326,8;3;31;MB;;;11;;;;;;;;;;;;;100;100;100;100;100;100;;11;11
15/07/2013;Tremie;2138,2;1326,8;3;32;MB;;;11;;;;;;;;;;;;;100;100;100;100;100;100;;11;11
15/07/2013;Tremie;2138,2;1326,8;3;33;MB;;;11;;;;;;;;;;;;;100;100;100;100;100;100;;11;11
15/07/2013;Tremie;2138,2;1326,8;3;34;MB;;;11;;;;;;;;;;;;;100;100;100;100;100;100;;11;11
15/07/2013;Tremie;2138,2;1326,8;3;35;MB;;;11;;;;;;;;;;;;;100;100;100;100;100;100;;11;11
15/07/2013;Tremie;2138,2;1326,8;3;36;MB;;;11;;;;;;;;;;;;;100;100;100;100;100;100;;11;11
15/07/2013;Tremie;2138,2;1326,8;3;37;MB;;;11;;;;;;;;;;;;;100;100;100;100;100;100;;11;11
15/07/2013;Tremie;2138,2;1326,8;3;38;MB;;;11;;;;;;;;;;;;;100;100;100;100;100;100;;11;11
15/07/2013;Tremie;2138,2;1326,8;3;39;MB;;;11;;;;;;;;;;;;;100;100;100;100;100;100;;11;11
15/07/2013;Tremie;2138,2;1326,8;3;40;MB;;;11;;;;;;;;;;;;;100;100;100;100;100;100;;11;11
15/07/2013;Tremie;2138,2;1326,8;3;41;MB;;;11;;;;;;;;;;;;;100;100;100;100;100;100;;11;11
15/07/2013;Tremie;2138,2;1326,8;3;42;MB;;;11;;;;;;;;;;;;;100;100;100;100;100;100;;11;11
15/07/2013;Tremie;2138,2;1326,8;3;43;MB;;;11;;;;;;;;;;;;;100;100;100;100;100;100;;11;11
15/07/2013;Tremie;2138,2;1326,8;3;44;MB;;;11;;;;;;;;;;;;;100;100;100;100;100;100;;11;11
15/07/2013;Tremie;2138,2;1326,8;3;45;MB;;;11;;;;;;;;;;;;;100;100;100;100;100;100;;11;11
15/07/2013;Tremie;2138,2;1326,8;1;1;MB;;;12;;;;;;;;;;;;;100;100;100;100;100;100;100;12;12
15/07/2013;Tremie;2138,2;1326,8;1;7;MB;;;12;;;;;;;;;;;;;100;100;100;100;100;100;100;12;12
15/07/2013;Tremie;2138,2;1326,8;1;8;MB;;;12;;;;;;;;;;;;;100;100;100;100;100;100;100;12;12
15/07/2013;Tremie;2138,2;1326,8;1;10;MB;;;12;;;;;;;;;;;;;100;100;100;100;100;100;100;12;12
15/07/2013;Tremie;2138,2;1326,8;1;12;MB;;;12;;;;;;;;;;;;;100;100;100;100;100;100;100;12;12
15/07/2013;Tremie;2138,2;1326,8;1;15;MB;;;12;;;;;;;;;;;;;100;100;100;100;100;100;100;12;12
15/07/2013;Tremie;2138,2;1326,8;2;18;MB;;;12;;;;;;;;;;;;;100;100;100;100;100;100;100;12;12
15/07/2013;Tremie;2138,2;1326,8;2;20;MB;;;12;;;;;;;;;;;;;100;100;100;100;100;100;100;12;12
15/07/2013;Tremie;2138,2;1326,8;2;22;MB;;;12;;;;;;;;;;;;;100;100;100;100;100;100;100;12;12
15/07/2013;Tremie;2138,2;1326,8;2;24;MB;;;12;;;;;;;;;;;;;100;100;100;100;100;100;100;12;12
15/07/2013;Tremie;2138,2;1326,8;2;25;MB;;;12;;;;;;;;;;;;;100;100;100;100;100;100;100;12;12
15/07/2013;Tremie;2138,2;1326,8;2;29;MB;;;12;;;;;;;;;;;;;100;100;;;;;;12;12
15/07/2013;Tremie;2138,2;1326,8;2;30;MB;;;12;;;;;;;;;;;;;100;100;100;100;100;100;100;12;12
